#DOUBLE_1x50_DISCRETE_HIDDEN_DOMINANT-EIGENVECTOR
3.759090e-02 3.934290e-02 3.707780e-02 4.543480e-02 5.087370e-02 5.460670e-03 2.019890e-03 3.580580e-02 4.703760e-03 1.143750e-02 3.495500e-04 3.311490e-02 8.184590e-04 1.869530e-02 2.918230e-02 2.038190e-02 2.478920e-02 3.476160e-02 9.568790e-04 6.880180e-02 1.805810e-03 3.342080e-02 3.571630e-04 1.605500e-02 8.108310e-03 1.458080e-03 8.647150e-03 3.667370e-02 5.703470e-03 4.246210e-03 8.802640e-03 1.305830e-02 1.517160e-02 1.404090e-02 9.073030e-02 1.125960e-02 5.586460e-03 7.451200e-03 3.130300e-03 3.316110e-04 8.850800e-02 1.659520e-02 2.498800e-03 1.484390e-02 1.065910e-02 1.365540e-02 3.466630e-02 1.104130e-03 3.133980e-03 2.669670e-02 

#DOUBLE_1x50_DISCRETE_HIDDEN_START
1.000000e-50 4.109590e-02 9.315070e-02 3.561640e-02 1.068490e-01 1.000000e-50 1.000000e-50 1.000000e-50 1.000000e-50 5.479450e-03 1.000000e-50 1.000000e-50 1.000000e-50 1.000000e-50 1.000000e-50 6.849320e-02 1.123290e-01 1.917810e-02 1.000000e-50 1.479450e-01 1.000000e-50 1.013700e-01 1.000000e-50 1.000000e-50 1.000000e-50 1.000000e-50 1.000000e-50 1.000000e-50 3.013700e-02 1.000000e-50 2.465750e-02 1.000000e-50 1.000000e-50 1.000000e-50 8.767120e-02 1.000000e-50 1.000000e-50 2.465750e-02 1.000000e-50 1.000000e-50 1.000000e-50 1.000000e-50 1.000000e-50 1.000000e-50 1.095890e-02 5.205480e-02 3.835620e-02 1.000000e-50 1.000000e-50 1.000000e-50 

#DOUBLE_1x50_TORUS_TORUS_LOGNORMCONST
1.112003e+02 4.204274e+01 6.839052e+00 2.296165e+02 1.436371e+01 3.933612e+02 5.334148e+01 6.390133e+01 2.204191e+01 1.707467e+02 2.112100e+01 1.887807e+02 8.051904e+00 2.541551e+01 1.247474e+02 7.499941e+01 3.956566e+00 2.746807e+01 1.649611e+01 1.558623e+01 5.284675e+01 1.479600e+01 1.016317e+01 1.417837e+02 3.841089e+00 4.717263e+01 1.860910e+02 2.063399e+02 3.791755e+00 5.524375e+01 2.350086e+01 1.385849e+02 1.112043e+01 3.179720e+01 2.423383e+01 2.332786e+01 2.434633e+01 4.498617e+01 9.725192e+01 1.259377e+02 2.348471e+02 1.920644e+02 1.653890e+02 1.235140e+02 3.143077e+01 4.596385e+00 2.065782e+01 1.226608e+02 2.163889e+01 6.467009e+01 

#DOUBLE_1x50_TORUS_TORUS_SCALE-ENVELOPE
-1.836931e-03 -1.653870e-04 3.144102e-03 9.748453e-04 5.753982e-04 1.524020e-03 6.016731e-02 1.297743e-02 -3.390552e-02 1.247244e-03 1.760317e-03 -2.643276e-04 5.629753e-02 6.748363e-02 1.283830e-03 3.705911e-04 9.376076e-04 -1.204365e-02 2.282397e-03 1.142190e-04 -8.240278e-03 4.237786e-04 2.424954e-03 1.855371e-02 3.196490e-04 4.363291e-03 3.185685e-04 -2.760870e-05 1.211633e-04 1.937511e-01 -8.139537e-03 2.825782e-02 4.003815e-02 1.689848e-02 -7.792307e-03 -7.328017e-04 -3.818829e-03 -3.838383e-03 1.596789e-01 -2.123413e-03 -2.595865e-05 9.397091e-03 9.940837e-03 1.209083e-04 2.410886e-02 5.628319e-04 -1.165794e-03 5.306643e-02 1.512716e-03 4.519208e-02 

#DOUBLE_50x20_DISCRETE_AA_EMISSION
1.000000e-50 3.625730e-02 1.000000e-50 1.000000e-50 1.000000e-50 1.000000e-50 1.000000e-50 3.532160e-01 1.000000e-50 1.000000e-50 1.000000e-50 1.000000e-50 2.134500e-01 1.000000e-50 1.754390e-03 1.000000e-50 1.000000e-50 3.877190e-01 7.602340e-03 1.000000e-50 
1.000000e-50 1.000000e-50 1.000000e-50 1.000000e-50 1.000000e-50 1.000000e-50 1.000000e-50 4.251930e-01 1.000000e-50 1.000000e-50 1.000000e-50 1.000000e-50 1.650170e-03 1.000000e-50 1.000000e-50 1.000000e-50 4.345430e-02 5.143010e-01 1.000000e-50 1.540150e-02 
1.000000e-50 2.803740e-02 4.515190e-01 1.000000e-50 8.761680e-03 1.000000e-50 7.009350e-03 1.000000e-50 1.000000e-50 1.705610e-01 1.000000e-50 3.235980e-01 1.000000e-50 1.000000e-50 1.000000e-50 1.000000e-50 1.000000e-50 1.000000e-50 1.000000e-50 1.051400e-02 
1.000000e-50 4.224680e-02 1.267400e-01 1.000000e-50 2.309170e-01 1.000000e-50 1.000000e-50 8.737400e-02 1.000000e-50 1.785890e-01 1.000000e-50 1.790690e-01 1.000000e-50 4.320690e-03 1.000000e-50 1.000000e-50 2.880460e-03 1.000000e-50 1.000000e-50 1.478640e-01 
1.000000e-50 8.081670e-03 1.000000e-50 1.000000e-50 1.000000e-50 1.000000e-50 1.000000e-50 1.000000e-50 1.000000e-50 1.000000e-50 1.000000e-50 1.000000e-50 1.000000e-50 1.000000e-50 1.000000e-50 4.644830e-01 5.274350e-01 1.000000e-50 1.000000e-50 1.000000e-50 
1.000000e-50 1.000000e-50 1.000000e-50 1.000000e-50 1.000000e-50 1.000000e-50 1.000000e-50 1.000000e-50 1.000000e-50 1.000000e-50 1.000000e-50 1.000000e-50 1.000000e-50 1.000000e-50 1.000000e-50 1.000000e-50 1.000000e-50 1.000000e+00 1.000000e-50 1.000000e-50 
1.000000e-50 1.000000e-50 1.000000e-50 1.000000e-50 1.000000e-50 1.000000e+00 1.000000e-50 1.000000e-50 1.000000e-50 1.000000e-50 1.000000e-50 1.000000e-50 1.000000e-50 1.000000e-50 1.000000e-50 1.000000e-50 1.000000e-50 1.000000e-50 1.000000e-50 1.000000e-50 
5.377010e-02 3.028430e-02 1.779980e-01 5.191590e-02 3.955500e-02 7.416560e-03 4.202720e-02 2.472190e-03 8.158220e-02 1.508030e-01 3.213840e-02 1.532760e-01 1.000000e-50 6.242270e-02 5.315200e-02 7.416560e-03 1.000000e-50 6.798520e-03 2.101360e-02 2.595800e-02 
1.000000e+00 1.000000e-50 1.000000e-50 1.000000e-50 1.000000e-50 1.000000e-50 1.000000e-50 1.000000e-50 1.000000e-50 1.000000e-50 1.000000e-50 1.000000e-50 1.000000e-50 1.000000e-50 1.000000e-50 1.000000e-50 1.000000e-50 1.000000e-50 1.000000e-50 1.000000e-50 
1.000000e-50 1.000000e-50 1.000000e-50 1.000000e-50 1.000000e-50 1.000000e-50 1.000000e-50 1.000000e-50 1.000000e-50 1.000000e-50 1.000000e-50 1.000000e-50 1.000000e-50 1.000000e-50 1.000000e-50 4.206500e-02 9.579350e-01 1.000000e-50 1.000000e-50 1.000000e-50 
1.000000e-50 1.000000e-50 1.000000e-50 1.000000e-50 1.000000e-50 1.000000e-50 1.000000e-50 1.000000e-50 1.000000e-50 1.000000e-50 1.000000e-50 1.000000e-50 1.000000e-50 1.000000e-50 1.000000e-50 1.000000e-50 1.000000e+00 1.000000e-50 1.000000e-50 1.000000e-50 
1.000000e-50 1.000000e-50 2.745360e-01 1.000000e-50 1.000000e-50 1.000000e-50 1.000000e-50 1.000000e-50 1.000000e-50 7.254640e-01 1.000000e-50 1.000000e-50 1.000000e-50 1.000000e-50 1.000000e-50 1.000000e-50 1.000000e-50 1.000000e-50 1.000000e-50 1.000000e-50 
2.162160e-01 1.000000e-50 8.108110e-02 1.000000e-50 1.000000e-50 6.756760e-01 1.000000e-50 1.000000e-50 1.000000e-50 1.000000e-50 1.000000e-50 1.000000e-50 2.702700e-02 1.000000e-50 1.000000e-50 1.000000e-50 1.000000e-50 1.000000e-50 1.000000e-50 1.000000e-50 
3.199050e-02 3.909950e-02 2.132700e-01 5.213270e-02 5.450240e-02 1.000000e-50 6.161140e-02 1.000000e-50 1.279620e-01 5.213270e-02 1.000000e-50 1.030810e-01 8.293840e-03 4.976300e-02 6.279620e-02 1.000000e-50 1.000000e-50 1.421800e-02 4.502370e-02 8.412320e-02 
5.191870e-02 5.267120e-02 4.288940e-02 1.745670e-01 4.740410e-02 6.772010e-03 4.890900e-02 8.276900e-03 1.504890e-01 9.857040e-02 4.514670e-02 1.881110e-02 1.000000e-50 6.847250e-02 8.653120e-02 1.000000e-50 1.279160e-02 1.203910e-02 4.138450e-02 3.235520e-02 
1.000000e-50 1.156680e-02 1.000000e-50 1.000000e-50 1.000000e-50 1.000000e-50 1.000000e-50 1.000000e-50 1.000000e-50 1.000000e-50 1.000000e-50 1.000000e-50 9.547840e-01 1.000000e-50 1.000000e-50 1.000000e-50 1.000000e-50 3.364880e-02 1.000000e-50 1.000000e-50 
2.661500e-01 1.722650e-02 7.493540e-02 8.785530e-02 1.464250e-02 1.000000e-50 5.943150e-02 1.000000e-50 1.274760e-01 7.235140e-02 3.875970e-02 8.957800e-02 1.000000e-50 5.598620e-02 6.632210e-02 1.000000e-50 1.000000e-50 6.890610e-03 2.239450e-02 1.000000e-50 
7.442750e-02 5.279900e-02 2.735370e-02 8.206110e-02 1.113230e-01 1.000000e-50 5.979640e-02 2.862600e-02 1.164120e-01 7.506360e-02 3.371500e-02 4.134860e-02 1.000000e-50 5.788800e-02 7.124680e-02 1.000000e-50 1.000000e-50 4.452930e-02 2.608140e-02 9.732820e-02 
1.000000e-50 1.000000e-50 1.000000e-50 9.302330e-02 2.558140e-01 1.000000e-50 2.558140e-01 1.000000e-50 1.000000e-50 1.000000e-50 1.000000e-50 1.000000e-50 1.000000e-50 1.000000e-50 4.651160e-02 1.000000e-50 1.000000e-50 1.000000e-50 2.790700e-01 6.976740e-02 
2.776900e-02 4.102240e-02 5.175130e-02 1.451560e-01 5.175130e-02 1.000000e-50 4.670240e-02 2.524460e-03 1.868100e-01 1.319030e-01 3.976020e-02 1.546230e-02 7.888920e-03 8.362260e-02 1.101290e-01 1.000000e-50 1.000000e-50 1.000000e-50 1.672450e-02 4.102240e-02 
1.000000e-50 4.938270e-02 1.000000e-50 1.000000e-50 1.000000e-50 1.000000e-50 1.000000e-50 1.000000e-50 1.000000e-50 1.000000e-50 1.000000e-50 1.000000e-50 1.000000e-50 1.000000e-50 1.000000e-50 5.679010e-01 3.827160e-01 1.000000e-50 1.000000e-50 1.000000e-50 
1.000000e-50 1.353970e-02 1.000000e-50 6.447450e-04 4.384270e-02 1.000000e-50 1.000000e-50 3.552550e-01 2.578980e-03 1.353970e-02 1.000000e-50 1.000000e-50 1.000000e-50 1.000000e-50 1.000000e-50 1.000000e-50 1.418440e-02 4.674400e-01 3.868470e-03 8.510640e-02 
1.000000e-50 1.000000e-50 1.000000e-50 1.000000e-50 1.000000e-50 1.000000e-50 1.000000e-50 1.000000e-50 1.000000e-50 1.000000e-50 1.000000e-50 1.000000e-50 9.375000e-01 1.000000e-50 1.000000e-50 1.000000e-50 1.000000e-50 6.250000e-02 1.000000e-50 1.000000e-50 
1.956220e-01 6.839950e-03 9.575920e-02 1.545830e-01 1.367990e-02 5.471960e-03 1.504790e-02 3.556770e-02 1.422710e-01 6.019150e-02 1.094390e-02 1.778390e-02 3.967170e-02 5.471960e-02 4.924760e-02 4.651160e-02 1.504790e-02 1.915180e-02 2.188780e-02 1.000000e-50 
1.000000e-50 1.000000e-50 1.000000e-50 1.000000e-50 1.000000e-50 1.000000e+00 1.000000e-50 1.000000e-50 1.000000e-50 1.000000e-50 1.000000e-50 1.000000e-50 1.000000e-50 1.000000e-50 1.000000e-50 1.000000e-50 1.000000e-50 1.000000e-50 1.000000e-50 1.000000e-50 
1.000000e-50 1.000000e-50 1.000000e-50 1.000000e-50 1.000000e-50 1.000000e+00 1.000000e-50 1.000000e-50 1.000000e-50 1.000000e-50 1.000000e-50 1.000000e-50 1.000000e-50 1.000000e-50 1.000000e-50 1.000000e-50 1.000000e-50 1.000000e-50 1.000000e-50 1.000000e-50 
1.000000e-50 1.000000e-50 1.000000e-50 1.000000e-50 1.000000e-50 1.000000e+00 1.000000e-50 1.000000e-50 1.000000e-50 1.000000e-50 1.000000e-50 1.000000e-50 1.000000e-50 1.000000e-50 1.000000e-50 1.000000e-50 1.000000e-50 1.000000e-50 1.000000e-50 1.000000e-50 
1.000000e+00 1.000000e-50 1.000000e-50 1.000000e-50 1.000000e-50 1.000000e-50 1.000000e-50 1.000000e-50 1.000000e-50 1.000000e-50 1.000000e-50 1.000000e-50 1.000000e-50 1.000000e-50 1.000000e-50 1.000000e-50 1.000000e-50 1.000000e-50 1.000000e-50 1.000000e-50 
2.621720e-02 1.000000e-50 7.490640e-02 5.243450e-02 1.000000e-50 6.142320e-01 1.000000e-50 1.000000e-50 1.872660e-02 1.000000e-50 1.000000e-50 1.000000e-50 1.000000e-50 1.000000e-50 3.370790e-02 9.737830e-02 3.370790e-02 3.745320e-02 1.000000e-50 1.123600e-02 
1.000000e-50 1.000000e-50 1.000000e-50 1.000000e-50 1.000000e-50 1.000000e+00 1.000000e-50 1.000000e-50 1.000000e-50 1.000000e-50 1.000000e-50 1.000000e-50 1.000000e-50 1.000000e-50 1.000000e-50 1.000000e-50 1.000000e-50 1.000000e-50 1.000000e-50 1.000000e-50 
1.000000e-50 1.000000e-50 1.000000e-50 2.241380e-01 1.000000e-50 1.000000e-50 1.000000e-50 2.216750e-02 3.916260e-01 1.477830e-02 1.000000e-50 1.000000e-50 1.000000e-50 1.330050e-01 1.921180e-01 1.000000e-50 1.000000e-50 2.216750e-02 1.000000e-50 1.000000e-50 
1.861250e-02 3.384090e-03 1.455160e-01 6.429780e-02 3.045690e-02 6.768190e-03 7.275800e-02 1.000000e-50 1.387480e-01 1.000000e-50 5.076140e-03 3.147210e-01 1.000000e-50 7.783420e-02 7.275800e-02 1.184430e-02 1.000000e-50 1.000000e-50 1.000000e-50 3.722500e-02 
1.000000e-50 1.000000e-50 1.000000e-50 1.000000e-50 1.000000e-50 1.000000e+00 1.000000e-50 1.000000e-50 1.000000e-50 1.000000e-50 1.000000e-50 1.000000e-50 1.000000e-50 1.000000e-50 1.000000e-50 1.000000e-50 1.000000e-50 1.000000e-50 1.000000e-50 1.000000e-50 
1.000000e-50 1.000000e-50 1.000000e-50 1.000000e-50 1.000000e-50 1.000000e-50 1.000000e-50 1.000000e-50 1.000000e-50 1.000000e-50 1.000000e-50 1.000000e-50 1.000000e-50 1.000000e-50 1.000000e-50 5.243330e-01 4.756670e-01 1.000000e-50 1.000000e-50 1.000000e-50 
6.487000e-02 5.723830e-02 3.839730e-02 8.299550e-02 1.042210e-01 1.000000e-50 3.076560e-02 1.000000e-50 8.871930e-02 1.752920e-01 4.197470e-02 4.459810e-02 1.000000e-50 5.151440e-02 8.132600e-02 5.008350e-03 1.000000e-50 1.000000e-50 3.648940e-02 9.658960e-02 
6.395350e-02 1.937980e-03 9.689920e-02 8.527130e-02 3.682170e-02 3.875970e-03 1.550390e-02 1.279070e-01 9.689920e-02 1.841090e-01 2.131780e-02 1.356590e-02 1.000000e-50 5.038760e-02 3.488370e-02 1.744190e-02 5.813950e-03 1.143410e-01 9.689920e-03 1.937980e-02 
1.000000e-50 1.000000e-50 1.000000e-50 1.000000e-50 1.000000e-50 1.000000e-50 1.000000e-50 1.000000e-50 1.000000e-50 1.000000e-50 1.000000e-50 1.000000e-50 1.000000e-50 1.000000e-50 1.000000e-50 4.584980e-01 5.415020e-01 1.000000e-50 1.000000e-50 1.000000e-50 
1.000000e+00 1.000000e-50 1.000000e-50 1.000000e-50 1.000000e-50 1.000000e-50 1.000000e-50 1.000000e-50 1.000000e-50 1.000000e-50 1.000000e-50 1.000000e-50 1.000000e-50 1.000000e-50 1.000000e-50 1.000000e-50 1.000000e-50 1.000000e-50 1.000000e-50 1.000000e-50 
1.000000e-50 1.000000e-50 1.000000e-50 1.000000e-50 1.000000e-50 1.000000e+00 1.000000e-50 1.000000e-50 1.000000e-50 1.000000e-50 1.000000e-50 1.000000e-50 1.000000e-50 1.000000e-50 1.000000e-50 1.000000e-50 1.000000e-50 1.000000e-50 1.000000e-50 1.000000e-50 
1.000000e-50 1.000000e-50 1.000000e-50 1.000000e-50 1.000000e-50 1.000000e-50 1.000000e-50 1.000000e-50 1.000000e-50 1.000000e-50 1.000000e-50 1.000000e-50 1.000000e-50 1.000000e-50 1.000000e-50 1.000000e-50 1.000000e+00 1.000000e-50 1.000000e-50 1.000000e-50 
1.000000e-50 1.000000e-50 1.000000e-50 3.051350e-01 1.000000e-50 1.000000e-50 4.515010e-02 1.000000e-50 2.366660e-01 1.000000e-50 8.211360e-02 1.000000e-50 1.000000e-50 1.471100e-01 1.525680e-01 1.000000e-50 1.000000e-50 1.000000e-50 3.125780e-02 1.000000e-50 
6.887420e-02 2.251660e-02 1.324500e-01 1.854300e-01 1.000000e-50 1.000000e-50 2.649010e-02 1.000000e-50 1.562910e-01 5.695360e-02 3.576160e-02 1.072850e-01 1.000000e-50 8.609270e-02 7.947020e-02 1.000000e-50 1.000000e-50 1.456950e-02 2.781460e-02 1.000000e-50 
1.000000e-50 1.000000e-50 1.000000e-50 1.000000e-50 1.000000e-50 1.000000e-50 1.000000e-50 1.000000e-50 1.000000e-50 1.000000e-50 1.000000e-50 1.000000e-50 1.000000e+00 1.000000e-50 1.000000e-50 1.000000e-50 1.000000e-50 1.000000e-50 1.000000e-50 1.000000e-50 
1.000000e-50 1.000000e-50 1.000000e-50 1.000000e-50 1.000000e-50 1.000000e-50 1.000000e-50 1.000000e-50 1.000000e-50 1.000000e-50 1.000000e-50 1.000000e-50 1.000000e-50 1.000000e-50 1.000000e-50 9.926040e-01 7.396450e-03 1.000000e-50 1.000000e-50 1.000000e-50 
1.000000e-50 1.000000e-50 1.000000e-50 1.000000e-50 1.000000e-50 1.000000e-50 1.000000e-50 1.229510e-02 1.000000e-50 1.000000e-50 1.000000e-50 1.000000e-50 8.729510e-01 1.000000e-50 1.000000e-50 1.000000e-50 1.000000e-50 1.147540e-01 1.000000e-50 1.000000e-50 
1.000000e-50 7.389940e-02 1.000000e-50 1.000000e-50 6.446540e-02 1.000000e-50 1.000000e-50 1.194970e-01 1.000000e-50 1.000000e-50 1.000000e-50 1.000000e-50 1.000000e-50 2.201260e-02 1.000000e-50 3.144650e-01 1.871070e-01 1.242140e-01 1.000000e-50 9.433960e-02 
1.338380e-01 2.840910e-02 3.156570e-02 8.522730e-02 6.944440e-02 1.000000e-50 4.040400e-02 7.386360e-02 8.712120e-02 1.054290e-01 3.535350e-02 3.093430e-02 1.000000e-50 4.734850e-02 5.303030e-02 2.272730e-02 2.020200e-02 7.386360e-02 1.000000e-50 6.123740e-02 
1.000000e-50 1.000000e-50 4.000000e-02 4.000000e-02 1.000000e-50 8.000000e-01 1.000000e-50 1.000000e-50 1.000000e-50 1.000000e-50 1.000000e-50 8.000000e-02 1.000000e-50 1.000000e-50 2.000000e-02 1.000000e-50 2.000000e-02 1.000000e-50 1.000000e-50 1.000000e-50 
1.056340e-01 8.450700e-02 1.000000e-50 4.929580e-02 1.267610e-01 1.000000e-50 4.929580e-02 1.000000e-50 9.154930e-02 1.000000e-50 1.408450e-02 2.676060e-01 1.000000e-50 2.112680e-02 7.042250e-02 1.000000e-50 4.929580e-02 1.000000e-50 1.000000e-50 7.042250e-02 
1.000000e-50 3.327790e-03 1.663890e-03 1.000000e-50 1.000000e-50 9.866890e-01 1.000000e-50 1.000000e-50 1.000000e-50 1.000000e-50 8.319470e-04 1.000000e-50 1.000000e-50 1.000000e-50 1.000000e-50 2.495840e-03 1.000000e-50 1.000000e-50 1.000000e-50 4.991680e-03 

#DOUBLE_50x2_DISCRETE_CIS_EMISSION
1.000000e+00 1.000000e-50 
1.000000e+00 1.000000e-50 
1.000000e+00 1.000000e-50 
1.000000e+00 1.000000e-50 
1.000000e+00 1.000000e-50 
1.000000e+00 1.000000e-50 
1.000000e+00 1.000000e-50 
1.000000e+00 1.000000e-50 
1.000000e+00 1.000000e-50 
1.000000e+00 1.000000e-50 
1.000000e+00 1.000000e-50 
1.000000e+00 1.000000e-50 
9.729730e-01 2.702700e-02 
1.000000e+00 1.000000e-50 
1.000000e+00 1.000000e-50 
9.148260e-01 8.517350e-02 
9.922480e-01 7.751940e-03 
1.000000e+00 1.000000e-50 
1.000000e+00 1.000000e-50 
1.000000e+00 1.000000e-50 
1.000000e+00 1.000000e-50 
9.980660e-01 1.934240e-03 
1.000000e+00 1.000000e-50 
1.000000e+00 1.000000e-50 
1.000000e+00 1.000000e-50 
1.000000e+00 1.000000e-50 
1.000000e+00 1.000000e-50 
1.000000e+00 1.000000e-50 
9.513110e-01 4.868910e-02 
1.000000e+00 1.000000e-50 
1.000000e+00 1.000000e-50 
1.000000e+00 1.000000e-50 
1.000000e+00 1.000000e-50 
1.000000e+00 1.000000e-50 
1.000000e+00 1.000000e-50 
1.000000e+00 1.000000e-50 
1.000000e+00 1.000000e-50 
1.000000e+00 1.000000e-50 
1.000000e+00 1.000000e-50 
1.000000e+00 1.000000e-50 
1.000000e+00 1.000000e-50 
1.000000e+00 1.000000e-50 
1.000000e+00 1.000000e-50 
1.000000e+00 1.000000e-50 
9.180330e-01 8.196720e-02 
1.000000e+00 1.000000e-50 
1.000000e+00 1.000000e-50 
1.000000e+00 1.000000e-50 
1.000000e+00 1.000000e-50 
1.000000e+00 1.000000e-50 

#DOUBLE_50x50_DISCRETE_HIDDEN_TRANSITION
7.485380e-02 1.000000e-50 1.000000e-50 9.181290e-02 1.000000e-50 2.573100e-02 1.000000e-50 2.456140e-02 1.000000e-50 4.035090e-02 1.000000e-50 1.011700e-01 1.000000e-50 1.000000e-50 3.918130e-02 1.000000e-50 1.000000e-50 1.000000e-50 1.000000e-50 1.000000e-50 1.000000e-50 1.000000e-50 1.000000e-50 1.000000e-50 1.000000e-50 4.093570e-03 3.040940e-02 1.023390e-01 1.000000e-50 1.000000e-50 1.000000e-50 1.000000e-50 1.000000e-50 1.000000e-50 1.000000e-50 1.000000e-50 1.000000e-50 1.000000e-50 1.000000e-50 1.000000e-50 2.649120e-01 1.005850e-01 1.000000e-50 3.976610e-02 1.000000e-50 1.000000e-50 6.023390e-02 1.000000e-50 1.000000e-50 1.000000e-50 
1.000000e-50 1.846750e-01 4.410140e-02 1.000000e-50 1.190740e-01 1.000000e-50 2.756340e-03 1.000000e-50 1.708930e-02 1.000000e-50 1.000000e-50 1.000000e-50 1.000000e-50 1.000000e-50 1.000000e-50 2.590960e-02 9.922820e-03 1.000000e-50 1.000000e-50 4.630650e-02 1.000000e-50 1.000000e-50 1.000000e-50 1.000000e-50 1.000000e-50 1.000000e-50 1.000000e-50 1.000000e-50 9.922820e-03 1.000000e-50 1.000000e-50 1.433300e-02 5.237050e-02 1.000000e-50 4.525910e-01 2.094820e-02 1.000000e-50 1.000000e-50 1.000000e-50 1.000000e-50 1.000000e-50 1.000000e-50 1.000000e-50 1.000000e-50 1.000000e-50 1.000000e-50 1.000000e-50 1.000000e-50 1.000000e-50 1.000000e-50 
7.256640e-02 1.000000e-50 5.545720e-02 2.536870e-02 7.138640e-02 1.000000e-50 1.000000e-50 1.120940e-02 1.356930e-02 1.000000e-50 1.000000e-50 1.000000e-50 1.000000e-50 4.660770e-02 9.439530e-02 3.126840e-02 1.000000e-50 5.722710e-02 1.000000e-50 9.911500e-02 1.000000e-50 5.958700e-02 1.000000e-50 1.610620e-01 1.828910e-02 1.000000e-50 1.000000e-50 1.474930e-02 1.000000e-50 1.000000e-50 1.000000e-50 1.000000e-50 1.000000e-50 3.952800e-02 1.000000e-50 1.000000e-50 1.000000e-50 1.000000e-50 9.439530e-03 1.000000e-50 8.849560e-03 1.000000e-50 1.000000e-50 1.061950e-02 4.896760e-02 3.303830e-02 1.120940e-02 4.719760e-03 1.769910e-03 1.000000e-50 
1.000000e-50 1.000000e-50 1.000000e-50 1.790690e-01 1.000000e-50 3.600580e-02 1.000000e-50 8.641380e-03 1.000000e-50 2.400380e-02 1.000000e-50 9.937590e-02 1.000000e-50 1.000000e-50 4.368700e-02 1.000000e-50 1.000000e-50 1.000000e-50 1.000000e-50 1.000000e-50 1.000000e-50 1.000000e-50 1.000000e-50 1.000000e-50 1.000000e-50 1.000000e-50 4.128660e-02 2.006720e-01 1.000000e-50 1.000000e-50 1.000000e-50 1.000000e-50 1.000000e-50 1.000000e-50 1.000000e-50 1.000000e-50 1.000000e-50 1.000000e-50 1.000000e-50 1.000000e-50 2.558810e-01 2.208350e-02 1.000000e-50 5.760920e-02 1.000000e-50 1.000000e-50 3.168510e-02 1.000000e-50 1.000000e-50 1.000000e-50 
2.775410e-02 8.497010e-02 3.842870e-02 2.263020e-02 5.764300e-02 1.000000e-50 1.000000e-50 1.152860e-02 1.000000e-50 1.000000e-50 1.000000e-50 1.000000e-50 1.707940e-03 3.202390e-02 8.368920e-02 3.629380e-02 2.177630e-02 4.227160e-02 1.000000e-50 5.977800e-02 1.000000e-50 4.056360e-02 1.000000e-50 5.123830e-02 1.000000e-50 1.000000e-50 2.561910e-03 1.750640e-02 1.000000e-50 1.110160e-02 1.000000e-50 1.000000e-50 2.775410e-02 2.988900e-02 2.062340e-01 1.494450e-02 1.000000e-50 6.831770e-03 1.000000e-50 1.000000e-50 1.000000e-50 1.000000e-50 1.000000e-50 5.977800e-03 2.903500e-02 1.878740e-02 1.000000e-50 1.000000e-50 3.842870e-03 1.323650e-02 
1.000000e-50 1.000000e-50 1.000000e-50 2.931730e-01 1.000000e-50 1.000000e-50 1.000000e-50 1.000000e-50 1.000000e-50 1.000000e-50 1.000000e-50 1.606430e-01 1.000000e-50 1.000000e-50 2.811240e-01 1.000000e-50 1.000000e-50 1.000000e-50 1.000000e-50 1.000000e-50 1.000000e-50 1.000000e-50 1.000000e-50 1.000000e-50 1.000000e-50 1.000000e-50 1.000000e-50 2.048190e-01 1.000000e-50 1.000000e-50 1.000000e-50 1.000000e-50 1.000000e-50 1.000000e-50 1.000000e-50 1.000000e-50 1.000000e-50 1.000000e-50 1.000000e-50 1.000000e-50 1.000000e-50 1.000000e-50 1.000000e-50 6.024100e-02 1.000000e-50 1.000000e-50 1.000000e-50 1.000000e-50 1.000000e-50 1.000000e-50 
9.890110e-02 1.000000e-50 1.000000e-50 5.494510e-02 6.593410e-02 1.000000e-50 1.000000e-50 1.000000e-50 1.000000e-50 1.000000e-50 1.000000e-50 1.000000e-50 1.000000e-50 1.978020e-01 1.000000e-50 1.000000e-50 1.000000e-50 1.000000e-50 1.000000e-50 2.967030e-01 1.000000e-50 7.692310e-02 1.000000e-50 1.000000e-50 1.000000e-50 1.000000e-50 1.098900e-02 4.395600e-02 1.000000e-50 1.000000e-50 1.000000e-50 1.000000e-50 1.000000e-50 1.000000e-50 4.395600e-02 1.000000e-50 1.000000e-50 1.000000e-50 1.000000e-50 1.000000e-50 1.000000e-50 1.000000e-50 6.593410e-02 1.000000e-50 1.000000e-50 4.395600e-02 1.000000e-50 1.000000e-50 1.000000e-50 1.000000e-50 
1.000000e-50 1.000000e-50 3.985060e-02 2.241590e-02 4.483190e-02 1.000000e-50 1.058530e-02 1.000000e-50 1.000000e-50 1.000000e-50 1.000000e-50 1.000000e-50 1.000000e-50 1.000000e-50 3.611460e-02 1.000000e-50 6.600250e-02 3.486920e-02 1.245330e-03 1.401000e-01 1.000000e-50 6.600250e-02 1.000000e-50 1.000000e-50 1.000000e-50 3.113330e-03 1.000000e-50 6.226650e-03 9.962640e-03 6.849320e-03 1.618930e-02 1.151930e-01 4.981320e-03 1.058530e-02 1.000000e-50 1.000000e-50 2.490660e-03 4.981320e-02 1.000000e-50 1.000000e-50 1.000000e-50 1.000000e-50 1.000000e-50 1.000000e-50 1.000000e-50 2.615190e-02 1.494400e-02 9.339980e-03 1.369860e-02 2.484430e-01 
4.186050e-02 1.000000e-50 1.000000e-50 1.000000e-50 1.000000e-50 1.000000e-50 1.000000e-50 1.000000e-50 1.000000e-50 1.000000e-50 1.000000e-50 1.000000e-50 1.000000e-50 1.000000e-50 1.000000e-50 3.255810e-02 1.000000e-50 1.000000e-50 1.000000e-50 3.767440e-01 1.000000e-50 3.116280e-01 1.000000e-50 1.000000e-50 1.000000e-50 1.000000e-50 1.000000e-50 1.000000e-50 1.000000e-50 1.000000e-50 1.000000e-50 1.000000e-50 1.000000e-50 2.790700e-02 1.000000e-50 1.441860e-01 1.000000e-50 1.000000e-50 1.000000e-50 1.000000e-50 1.000000e-50 1.000000e-50 1.000000e-50 1.000000e-50 6.511630e-02 1.000000e-50 1.000000e-50 1.000000e-50 1.000000e-50 1.000000e-50 
1.166350e-01 1.000000e-50 1.000000e-50 1.051630e-01 1.000000e-50 1.000000e-50 1.000000e-50 5.544930e-02 1.000000e-50 3.250480e-02 1.000000e-50 1.242830e-01 1.000000e-50 1.000000e-50 6.692160e-02 1.000000e-50 1.000000e-50 1.000000e-50 1.000000e-50 1.000000e-50 1.000000e-50 1.000000e-50 1.000000e-50 1.000000e-50 1.000000e-50 1.000000e-50 2.294460e-02 1.089870e-01 1.000000e-50 1.000000e-50 1.000000e-50 1.000000e-50 1.000000e-50 1.000000e-50 1.000000e-50 1.000000e-50 9.560230e-03 1.000000e-50 1.000000e-50 1.000000e-50 2.982790e-01 3.250480e-02 1.000000e-50 2.676860e-02 1.000000e-50 1.000000e-50 1.000000e-50 1.000000e-50 1.000000e-50 1.000000e-50 
1.000000e-50 1.000000e-50 1.000000e-50 1.000000e-50 1.875000e-01 1.000000e-50 1.000000e-50 1.000000e-50 1.000000e-50 1.000000e-50 1.000000e-50 1.000000e-50 1.000000e-50 1.000000e-50 1.000000e-50 1.000000e-50 1.000000e-50 1.000000e-50 1.000000e-50 8.125000e-01 1.000000e-50 1.000000e-50 1.000000e-50 1.000000e-50 1.000000e-50 1.000000e-50 1.000000e-50 1.000000e-50 1.000000e-50 1.000000e-50 1.000000e-50 1.000000e-50 1.000000e-50 1.000000e-50 1.000000e-50 1.000000e-50 1.000000e-50 1.000000e-50 1.000000e-50 1.000000e-50 1.000000e-50 1.000000e-50 1.000000e-50 1.000000e-50 1.000000e-50 1.000000e-50 1.000000e-50 1.000000e-50 1.000000e-50 1.000000e-50 
1.162020e-01 1.000000e-50 3.984060e-03 1.733070e-01 1.000000e-50 3.320050e-02 1.000000e-50 2.456840e-02 1.328020e-03 3.585660e-02 1.000000e-50 9.096950e-02 1.000000e-50 1.000000e-50 2.191240e-02 1.000000e-50 1.000000e-50 1.000000e-50 1.000000e-50 1.328020e-03 1.000000e-50 1.000000e-50 1.000000e-50 1.000000e-50 1.000000e-50 1.062420e-02 1.000000e-50 1.000000e-50 1.000000e-50 1.000000e-50 1.000000e-50 1.000000e-50 1.000000e-50 3.320050e-03 1.000000e-50 1.000000e-50 1.792830e-02 1.000000e-50 3.320050e-03 1.000000e-50 3.486060e-01 5.112880e-02 1.000000e-50 1.000000e-50 1.000000e-50 1.000000e-50 6.241700e-02 1.000000e-50 1.000000e-50 1.000000e-50 
2.972970e-01 1.000000e-50 1.000000e-50 1.000000e-50 5.405410e-02 1.000000e-50 1.000000e-50 1.000000e-50 1.000000e-50 1.000000e-50 1.000000e-50 1.000000e-50 1.000000e-50 1.000000e-50 1.000000e-50 2.702700e-02 5.945950e-01 1.000000e-50 1.000000e-50 1.000000e-50 1.000000e-50 1.000000e-50 1.000000e-50 1.000000e-50 1.000000e-50 1.000000e-50 1.000000e-50 2.702700e-02 1.000000e-50 1.000000e-50 1.000000e-50 1.000000e-50 1.000000e-50 1.000000e-50 1.000000e-50 1.000000e-50 1.000000e-50 1.000000e-50 1.000000e-50 1.000000e-50 1.000000e-50 1.000000e-50 1.000000e-50 1.000000e-50 1.000000e-50 1.000000e-50 1.000000e-50 1.000000e-50 1.000000e-50 1.000000e-50 
1.000000e-50 1.920770e-02 1.056420e-01 1.000000e-50 9.483790e-02 1.000000e-50 1.320530e-02 3.121250e-02 1.000000e-50 1.000000e-50 1.000000e-50 1.000000e-50 1.000000e-50 8.643460e-02 1.000000e-50 1.000000e-50 1.000000e-50 1.764710e-01 1.000000e-50 1.212480e-01 2.881150e-02 5.162060e-02 1.000000e-50 1.000000e-50 6.362550e-02 1.000000e-50 1.000000e-50 1.000000e-50 1.000000e-50 1.000000e-50 1.000000e-50 3.721490e-02 3.481390e-02 2.881150e-02 1.000000e-50 1.000000e-50 1.000000e-50 1.000000e-50 1.000000e-50 1.000000e-50 1.000000e-50 1.000000e-50 1.000000e-50 1.000000e-50 1.000000e-50 4.561820e-02 1.000000e-50 1.000000e-50 1.000000e-50 6.122450e-02 
9.179830e-02 1.000000e-50 1.000000e-50 1.038370e-01 1.000000e-50 1.000000e-50 1.000000e-50 8.276900e-03 1.000000e-50 4.063210e-02 1.000000e-50 5.267120e-02 1.000000e-50 1.000000e-50 8.803610e-02 1.000000e-50 1.000000e-50 1.000000e-50 1.000000e-50 1.000000e-50 1.000000e-50 1.000000e-50 1.000000e-50 1.000000e-50 1.000000e-50 1.053420e-02 4.138450e-02 7.750190e-02 1.000000e-50 1.000000e-50 1.000000e-50 1.000000e-50 1.000000e-50 1.000000e-50 1.000000e-50 1.000000e-50 1.000000e-50 1.000000e-50 1.000000e-50 1.000000e-50 2.520690e-01 1.422120e-01 1.000000e-50 9.104590e-02 1.000000e-50 1.000000e-50 1.000000e-50 1.000000e-50 1.000000e-50 1.000000e-50 
2.777780e-02 4.059830e-02 1.000000e-50 1.000000e-50 8.440170e-02 1.000000e-50 1.000000e-50 1.000000e-50 1.000000e-50 1.000000e-50 1.000000e-50 1.000000e-50 1.000000e-50 4.059830e-02 8.547010e-02 4.166670e-02 4.594020e-02 2.457260e-02 1.000000e-50 1.869660e-01 1.000000e-50 4.273500e-02 1.000000e-50 4.380340e-02 1.068380e-02 1.000000e-50 2.136750e-03 1.000000e-50 1.000000e-50 5.341880e-03 1.816240e-02 1.000000e-50 2.457260e-02 1.923080e-02 8.333330e-02 4.594020e-02 1.000000e-50 2.670940e-02 6.410260e-03 1.000000e-50 1.000000e-50 1.000000e-50 1.602560e-02 7.478630e-03 1.602560e-02 1.388890e-02 8.547010e-03 1.000000e-50 1.000000e-50 3.098290e-02 
1.000000e-50 1.000000e-50 6.030600e-02 7.200720e-03 5.400540e-02 1.000000e-50 1.000000e-50 2.070210e-02 1.000000e-50 1.000000e-50 1.000000e-50 1.980200e-02 1.000000e-50 6.210620e-02 1.000000e-50 1.350140e-02 1.728170e-01 6.750680e-02 1.000000e-50 1.161120e-01 1.000000e-50 5.220520e-02 1.350140e-02 2.700270e-02 6.930690e-02 1.000000e-50 7.200720e-03 1.000000e-50 2.790280e-02 1.000000e-50 1.000000e-50 1.890190e-02 1.000000e-50 3.780380e-02 5.400540e-03 1.000000e-50 1.000000e-50 3.420340e-02 9.900990e-03 1.000000e-50 1.000000e-50 1.000000e-50 1.000000e-50 9.900990e-03 2.970300e-02 5.400540e-02 1.000000e-50 1.000000e-50 1.000000e-50 9.000900e-03 
1.923080e-03 1.564100e-01 5.384620e-02 1.000000e-50 1.294870e-01 1.000000e-50 1.000000e-50 1.000000e-50 1.000000e-50 1.000000e-50 1.000000e-50 1.000000e-50 1.000000e-50 9.615380e-03 1.000000e-50 6.025640e-02 1.666670e-02 4.423080e-02 1.923080e-03 8.782050e-02 1.000000e-50 3.846150e-02 1.000000e-50 4.487180e-03 1.089740e-02 1.000000e-50 1.923080e-03 1.000000e-50 1.410260e-02 7.692310e-03 1.000000e-50 1.000000e-50 3.653850e-02 7.051280e-03 3.012820e-01 1.000000e-50 1.000000e-50 1.000000e-50 1.000000e-50 1.000000e-50 1.000000e-50 1.000000e-50 1.000000e-50 1.000000e-50 7.051280e-03 8.333330e-03 1.000000e-50 1.000000e-50 1.000000e-50 1.000000e-50 
6.511630e-01 1.000000e-50 1.000000e-50 1.000000e-50 1.000000e-50 1.000000e-50 1.000000e-50 1.000000e-50 1.000000e-50 1.000000e-50 1.000000e-50 1.000000e-50 1.000000e-50 1.000000e-50 1.000000e-50 1.000000e-50 1.000000e-50 1.000000e-50 1.000000e-50 1.000000e-50 1.000000e-50 1.000000e-50 1.000000e-50 3.488370e-01 1.000000e-50 1.000000e-50 1.000000e-50 1.000000e-50 1.000000e-50 1.000000e-50 1.000000e-50 1.000000e-50 1.000000e-50 1.000000e-50 1.000000e-50 1.000000e-50 1.000000e-50 1.000000e-50 1.000000e-50 1.000000e-50 1.000000e-50 1.000000e-50 1.000000e-50 1.000000e-50 1.000000e-50 1.000000e-50 1.000000e-50 1.000000e-50 1.000000e-50 1.000000e-50 
1.831030e-02 3.533570e-02 6.970770e-02 1.000000e-50 7.677480e-02 1.000000e-50 4.818500e-03 1.000000e-50 8.673310e-03 1.000000e-50 1.000000e-50 1.000000e-50 1.000000e-50 1.252810e-02 4.304530e-02 6.906520e-02 2.923230e-02 1.477670e-02 1.000000e-50 1.564410e-01 2.248630e-03 6.039190e-02 1.000000e-50 2.762610e-02 1.027950e-02 1.000000e-50 3.854800e-03 4.818500e-03 1.413430e-02 3.533570e-03 2.473500e-02 2.377130e-02 1.606170e-02 1.991650e-02 6.681660e-02 2.601990e-02 1.000000e-50 1.831030e-02 1.000000e-50 2.891100e-03 1.000000e-50 1.000000e-50 1.734660e-02 4.176040e-03 3.308710e-02 1.927400e-02 1.000000e-50 1.000000e-50 7.067140e-03 5.493090e-02 
1.604940e-01 1.000000e-50 1.000000e-50 1.481480e-01 1.000000e-50 1.000000e-50 1.000000e-50 1.000000e-50 1.000000e-50 1.000000e-50 1.000000e-50 1.000000e-50 1.000000e-50 1.000000e-50 1.000000e-50 1.000000e-50 1.000000e-50 1.000000e-50 1.000000e-50 3.086420e-01 1.000000e-50 1.000000e-50 1.000000e-50 1.000000e-50 1.000000e-50 1.000000e-50 1.000000e-50 8.641980e-02 1.000000e-50 1.000000e-50 8.641980e-02 1.000000e-50 1.000000e-50 8.641980e-02 1.000000e-50 1.000000e-50 1.000000e-50 1.000000e-50 1.000000e-50 1.000000e-50 1.000000e-50 1.000000e-50 1.000000e-50 1.000000e-50 1.234570e-01 1.000000e-50 1.000000e-50 1.000000e-50 1.000000e-50 1.000000e-50 
5.208330e-03 3.971350e-02 8.593750e-02 1.000000e-50 7.877600e-02 1.000000e-50 1.000000e-50 1.000000e-50 2.473960e-02 1.000000e-50 9.114580e-03 1.000000e-50 1.000000e-50 2.148440e-02 1.106770e-02 8.268230e-02 3.450520e-02 1.000000e-50 1.000000e-50 1.347660e-01 1.000000e-50 6.575520e-02 1.000000e-50 5.859380e-03 1.497400e-02 1.000000e-50 1.000000e-50 1.000000e-50 7.161460e-03 1.000000e-50 1.822920e-02 1.757810e-02 1.497400e-02 2.278650e-02 9.895830e-02 1.035160e-01 1.000000e-50 1.432290e-02 8.463540e-03 1.953120e-03 1.000000e-50 1.000000e-50 7.161460e-03 1.000000e-50 1.562500e-02 1.367190e-02 1.000000e-50 3.255210e-03 8.463540e-03 2.929690e-02 
1.000000e-50 1.000000e-50 1.000000e-50 1.000000e-50 1.000000e-50 1.000000e-50 1.000000e-50 1.000000e-50 1.000000e-50 1.000000e-50 1.000000e-50 1.000000e-50 1.000000e-50 1.000000e-50 3.076920e-01 1.000000e-50 1.000000e-50 1.000000e-50 1.000000e-50 1.000000e-50 1.000000e-50 1.000000e-50 1.000000e-50 1.000000e-50 1.000000e-50 1.000000e-50 1.000000e-50 1.000000e-50 6.923080e-01 1.000000e-50 1.000000e-50 1.000000e-50 1.000000e-50 1.000000e-50 1.000000e-50 1.000000e-50 1.000000e-50 1.000000e-50 1.000000e-50 1.000000e-50 1.000000e-50 1.000000e-50 1.000000e-50 1.000000e-50 1.000000e-50 1.000000e-50 1.000000e-50 1.000000e-50 1.000000e-50 1.000000e-50 
1.000000e-50 1.000000e-50 3.324100e-02 1.000000e-50 1.000000e-50 1.000000e-50 1.000000e-50 4.432130e-01 1.000000e-50 1.000000e-50 1.000000e-50 1.000000e-50 1.000000e-50 1.246540e-01 2.077560e-02 1.000000e-50 2.631580e-02 1.000000e-50 1.000000e-50 1.000000e-50 1.000000e-50 1.246540e-02 1.000000e-50 7.894740e-02 1.000000e-50 1.000000e-50 1.000000e-50 1.000000e-50 1.000000e-50 9.695290e-03 9.279780e-02 1.000000e-50 1.000000e-50 1.149580e-01 1.000000e-50 1.000000e-50 1.000000e-50 1.000000e-50 2.908590e-02 1.000000e-50 1.000000e-50 1.000000e-50 1.000000e-50 4.155120e-03 1.000000e-50 1.000000e-50 9.695290e-03 1.000000e-50 1.000000e-50 1.000000e-50 
1.000000e-50 1.000000e-50 1.802820e-01 2.535210e-02 8.450700e-02 1.000000e-50 1.000000e-50 1.000000e-50 1.000000e-50 1.000000e-50 1.000000e-50 1.000000e-50 1.000000e-50 1.633800e-01 1.000000e-50 5.633800e-02 1.000000e-50 1.000000e-50 1.000000e-50 1.549300e-01 1.000000e-50 8.732390e-02 1.000000e-50 1.000000e-50 1.000000e-50 1.000000e-50 1.000000e-50 1.408450e-02 3.661970e-02 1.000000e-50 1.000000e-50 1.000000e-50 3.661970e-02 1.000000e-50 8.169010e-02 1.000000e-50 1.000000e-50 3.380280e-02 1.000000e-50 1.000000e-50 1.000000e-50 1.000000e-50 1.000000e-50 1.000000e-50 1.000000e-50 4.507040e-02 1.000000e-50 1.000000e-50 1.000000e-50 1.000000e-50 
1.538460e-01 1.000000e-50 1.000000e-50 1.000000e-50 1.000000e-50 1.000000e-50 1.000000e-50 1.000000e-50 1.000000e-50 1.000000e-50 1.000000e-50 1.000000e-50 1.000000e-50 1.000000e-50 1.000000e-50 1.000000e-50 1.000000e-50 1.000000e-50 1.000000e-50 1.000000e-50 1.000000e-50 1.000000e-50 1.000000e-50 1.000000e-50 4.615380e-02 1.000000e-50 1.000000e-50 1.000000e-50 1.000000e-50 1.000000e-50 1.000000e-50 1.000000e-50 1.000000e-50 1.000000e-50 1.000000e-50 1.000000e-50 1.000000e-50 1.000000e-50 1.000000e-50 1.000000e-50 4.000000e-01 1.000000e-50 1.000000e-50 7.692310e-02 1.000000e-50 1.000000e-50 3.230770e-01 1.000000e-50 1.000000e-50 1.000000e-50 
1.319800e-01 1.000000e-50 1.000000e-50 1.269040e-01 1.000000e-50 4.060910e-02 1.000000e-50 4.314720e-02 1.000000e-50 5.837560e-02 1.000000e-50 6.345180e-02 1.000000e-50 1.000000e-50 5.329950e-02 1.000000e-50 1.000000e-50 1.000000e-50 1.000000e-50 1.000000e-50 1.000000e-50 1.000000e-50 1.000000e-50 1.000000e-50 1.000000e-50 1.000000e-50 1.269040e-02 1.065990e-01 1.000000e-50 1.000000e-50 1.000000e-50 1.000000e-50 1.000000e-50 1.000000e-50 1.000000e-50 1.000000e-50 1.000000e-50 1.000000e-50 2.538070e-03 1.000000e-50 2.487310e-01 2.284260e-02 1.000000e-50 3.045690e-02 1.000000e-50 1.000000e-50 5.837560e-02 1.000000e-50 1.000000e-50 1.000000e-50 
7.553960e-02 1.000000e-50 1.000000e-50 1.181060e-01 1.000000e-50 3.357310e-02 1.000000e-50 5.035970e-02 1.000000e-50 2.877700e-02 1.000000e-50 1.085130e-01 1.000000e-50 1.000000e-50 1.558750e-02 1.000000e-50 1.000000e-50 1.000000e-50 1.000000e-50 1.000000e-50 1.000000e-50 1.000000e-50 1.000000e-50 1.000000e-50 1.000000e-50 1.000000e-50 1.858510e-02 1.163070e-01 1.000000e-50 1.000000e-50 1.000000e-50 1.000000e-50 1.000000e-50 1.000000e-50 1.000000e-50 1.000000e-50 1.738610e-02 1.000000e-50 1.000000e-50 1.000000e-50 2.853720e-01 3.297360e-02 1.000000e-50 3.477220e-02 1.000000e-50 1.000000e-50 6.414870e-02 1.000000e-50 1.000000e-50 1.000000e-50 
1.000000e-50 1.000000e-50 1.000000e-50 1.000000e-50 2.661600e-02 1.000000e-50 1.000000e-50 1.000000e-50 1.000000e-50 9.505700e-02 1.000000e-50 1.000000e-50 1.000000e-50 1.000000e-50 1.064640e-01 1.000000e-50 1.558940e-01 3.802280e-02 1.000000e-50 5.703420e-02 1.000000e-50 6.083650e-02 1.000000e-50 1.000000e-50 3.041830e-02 1.000000e-50 1.000000e-50 1.000000e-50 1.026620e-01 1.000000e-50 1.000000e-50 9.125480e-02 1.000000e-50 4.182510e-02 4.942970e-02 1.000000e-50 1.000000e-50 1.000000e-50 3.802280e-02 1.000000e-50 1.000000e-50 1.000000e-50 1.000000e-50 1.000000e-50 3.802280e-02 1.000000e-50 1.000000e-50 2.281370e-02 1.000000e-50 4.562740e-02 
1.058200e-02 1.000000e-50 1.000000e-50 1.000000e-50 1.000000e-50 1.000000e-50 1.000000e-50 8.465610e-02 1.058200e-02 1.000000e-50 1.058200e-02 1.000000e-50 1.000000e-50 1.000000e-50 8.465610e-02 3.703700e-02 8.994710e-02 8.465610e-02 1.000000e-50 2.063490e-01 1.000000e-50 1.000000e-50 1.000000e-50 1.000000e-50 1.000000e-50 1.000000e-50 1.000000e-50 1.000000e-50 1.000000e-50 1.000000e-50 1.058200e-01 1.000000e-50 4.761900e-02 1.000000e-50 1.000000e-50 4.761900e-02 1.000000e-50 1.000000e-50 2.116400e-02 1.000000e-50 1.000000e-50 1.000000e-50 1.000000e-50 4.761900e-02 6.878310e-02 1.000000e-50 1.058200e-02 1.000000e-50 1.000000e-50 3.174600e-02 
1.000000e-50 1.000000e-50 1.167510e-01 1.000000e-50 1.218270e-01 1.000000e-50 1.000000e-50 1.776650e-02 1.000000e-50 1.000000e-50 1.000000e-50 1.000000e-50 1.000000e-50 1.598980e-01 1.000000e-50 1.000000e-50 4.822340e-02 1.649750e-01 1.000000e-50 1.497460e-01 2.538070e-02 9.898480e-02 1.000000e-50 1.000000e-50 1.000000e-50 1.000000e-50 1.000000e-50 1.000000e-50 1.000000e-50 5.076140e-03 1.000000e-50 1.000000e-50 1.000000e-50 2.791880e-02 1.000000e-50 1.000000e-50 1.000000e-50 1.000000e-50 1.522840e-02 1.000000e-50 1.000000e-50 1.000000e-50 1.000000e-50 1.000000e-50 1.000000e-50 2.030460e-02 2.791880e-02 1.000000e-50 1.000000e-50 1.000000e-50 
1.000000e-50 1.000000e-50 1.000000e-50 1.000000e-50 5.593220e-02 1.000000e-50 1.000000e-50 8.135590e-02 1.000000e-50 1.000000e-50 1.000000e-50 1.000000e-50 1.000000e-50 1.000000e-50 1.000000e-50 1.525420e-02 6.949150e-02 1.627120e-01 1.000000e-50 1.237290e-01 1.000000e-50 1.203390e-01 1.000000e-50 1.000000e-50 1.000000e-50 1.000000e-50 1.000000e-50 1.000000e-50 1.000000e-50 1.000000e-50 1.000000e-50 7.118640e-02 1.000000e-50 1.000000e-50 1.000000e-50 1.000000e-50 1.000000e-50 1.000000e-50 1.000000e-50 1.000000e-50 1.000000e-50 1.000000e-50 1.000000e-50 1.000000e-50 1.000000e-50 7.288140e-02 4.915250e-02 1.000000e-50 1.000000e-50 1.779660e-01 
1.311950e-02 8.163270e-02 4.518950e-02 1.000000e-50 1.399420e-01 1.000000e-50 2.915450e-03 1.000000e-50 1.000000e-50 1.000000e-50 1.000000e-50 1.000000e-50 1.000000e-50 1.603500e-02 2.186590e-02 3.935860e-02 1.000000e-50 1.122450e-01 1.000000e-50 4.956270e-02 1.000000e-50 3.061220e-02 1.000000e-50 5.247810e-02 1.000000e-50 1.000000e-50 1.000000e-50 1.000000e-50 1.457730e-02 2.769680e-02 1.000000e-50 1.000000e-50 3.207000e-02 3.207000e-02 2.099130e-01 2.186590e-02 1.000000e-50 1.000000e-50 1.000000e-50 1.000000e-50 1.000000e-50 1.000000e-50 1.000000e-50 2.915450e-03 1.166180e-02 1.000000e-50 1.000000e-50 1.000000e-50 1.020410e-02 3.207000e-02 
3.179650e-03 1.000000e-50 1.287760e-01 1.000000e-50 8.744040e-02 1.000000e-50 9.538950e-03 1.144670e-01 1.000000e-50 1.000000e-50 1.000000e-50 1.000000e-50 4.769480e-03 1.000000e-50 1.000000e-50 1.000000e-50 1.319550e-01 1.112880e-01 1.000000e-50 1.000000e-50 1.589830e-02 5.882350e-02 1.000000e-50 1.271860e-02 1.000000e-50 1.000000e-50 1.000000e-50 1.000000e-50 1.589830e-03 1.748810e-02 6.518280e-02 3.020670e-02 3.974560e-02 1.000000e-50 1.000000e-50 1.000000e-50 1.000000e-50 1.000000e-50 1.000000e-50 1.000000e-50 1.000000e-50 1.000000e-50 1.000000e-50 1.000000e-50 1.000000e-50 7.154210e-02 4.769480e-03 1.000000e-50 9.538950e-03 8.108110e-02 
1.000000e-50 1.733940e-01 4.299020e-02 1.000000e-50 9.863860e-02 1.000000e-50 1.671840e-03 1.000000e-50 2.173390e-02 1.000000e-50 1.000000e-50 1.000000e-50 1.000000e-50 3.104850e-03 1.000000e-50 1.695720e-02 1.624070e-02 1.480770e-02 1.000000e-50 4.107950e-02 1.000000e-50 3.510870e-02 1.000000e-50 1.000000e-50 1.671840e-03 1.000000e-50 1.000000e-50 1.000000e-50 5.015520e-03 9.075710e-03 3.343680e-03 1.624070e-02 3.893000e-02 9.792210e-03 4.103180e-01 2.436110e-02 1.000000e-50 4.776690e-04 1.000000e-50 1.000000e-50 1.000000e-50 1.000000e-50 1.000000e-50 1.000000e-50 3.104850e-03 5.015520e-03 1.000000e-50 1.000000e-50 3.821350e-03 3.104850e-03 
1.000000e-50 1.996010e-02 4.590820e-02 1.000000e-50 1.457090e-01 1.000000e-50 1.000000e-50 1.000000e-50 1.000000e-50 1.000000e-50 1.000000e-50 1.000000e-50 1.000000e-50 1.000000e-50 1.000000e-50 1.000000e-50 4.391220e-02 5.409180e-01 1.000000e-50 1.000000e-50 1.596810e-02 1.000000e-50 1.996010e-03 1.000000e-50 5.988020e-03 1.000000e-50 1.000000e-50 1.000000e-50 3.792420e-02 1.000000e-50 1.000000e-50 1.000000e-50 1.197600e-01 1.000000e-50 1.000000e-50 1.000000e-50 1.000000e-50 1.000000e-50 1.000000e-50 5.988020e-03 1.000000e-50 1.000000e-50 1.000000e-50 1.000000e-50 1.000000e-50 1.000000e-50 1.000000e-50 1.000000e-50 1.596810e-02 1.000000e-50 
2.429150e-02 1.000000e-50 1.000000e-50 1.000000e-50 1.000000e-50 1.000000e-50 1.000000e-50 1.000000e-50 1.000000e-50 1.000000e-50 1.000000e-50 1.000000e-50 1.000000e-50 1.000000e-50 4.858300e-02 1.000000e-50 2.145750e-01 1.000000e-50 2.834010e-02 1.821860e-01 1.000000e-50 1.000000e-50 1.000000e-50 1.000000e-50 1.000000e-50 1.000000e-50 1.000000e-50 1.000000e-50 1.000000e-50 1.000000e-50 1.000000e-50 1.000000e-50 1.000000e-50 8.097170e-03 1.000000e-50 1.000000e-50 1.000000e-50 1.000000e-50 1.000000e-50 1.000000e-50 1.000000e-50 1.000000e-50 1.000000e-50 1.000000e-50 1.000000e-50 1.000000e-50 2.631580e-01 4.048580e-03 1.000000e-50 2.267210e-01 
1.000000e-50 1.190480e-02 8.630950e-02 1.000000e-50 1.488100e-01 1.000000e-50 1.000000e-50 1.000000e-50 1.000000e-50 1.000000e-50 1.000000e-50 1.000000e-50 1.000000e-50 1.904760e-01 1.000000e-50 8.333330e-02 1.000000e-50 1.000000e-50 1.000000e-50 2.113100e-01 1.000000e-50 5.357140e-02 1.000000e-50 1.000000e-50 2.380950e-02 1.000000e-50 1.000000e-50 1.000000e-50 1.000000e-50 1.000000e-50 1.000000e-50 2.976190e-02 1.000000e-50 1.000000e-50 8.630950e-02 1.000000e-50 1.000000e-50 1.000000e-50 1.000000e-50 1.000000e-50 1.000000e-50 1.000000e-50 2.083330e-02 1.000000e-50 1.000000e-50 1.000000e-50 1.000000e-50 1.000000e-50 1.000000e-50 5.357140e-02 
1.000000e-50 1.000000e-50 1.418440e-01 1.000000e-50 4.255320e-02 1.000000e-50 1.418440e-02 2.127660e-01 1.000000e-50 1.000000e-50 1.000000e-50 1.000000e-50 1.000000e-50 1.000000e-50 1.000000e-50 1.000000e-50 1.000000e-50 1.000000e-50 1.000000e-50 2.056740e-01 1.000000e-50 6.382980e-02 1.000000e-50 1.000000e-50 1.000000e-50 1.000000e-50 1.000000e-50 1.000000e-50 1.000000e-50 1.000000e-50 1.000000e-50 1.000000e-50 1.000000e-50 1.063830e-01 4.255320e-02 2.127660e-02 1.000000e-50 4.255320e-02 1.000000e-50 1.000000e-50 1.000000e-50 1.000000e-50 1.000000e-50 1.000000e-50 1.000000e-50 1.000000e-50 1.000000e-50 1.000000e-50 1.418440e-02 9.219860e-02 
1.000000e-50 2.666670e-01 1.000000e-50 1.000000e-50 1.000000e-50 1.000000e-50 1.000000e-50 1.000000e-50 1.000000e-50 1.000000e-50 1.000000e-50 1.000000e-50 1.000000e-50 1.000000e-50 1.000000e-50 2.666670e-01 1.000000e-50 1.000000e-50 1.000000e-50 1.000000e-50 1.000000e-50 1.000000e-50 1.000000e-50 1.000000e-50 1.000000e-50 1.000000e-50 1.000000e-50 1.000000e-50 1.000000e-50 1.000000e-50 1.000000e-50 1.000000e-50 1.000000e-50 1.000000e-50 1.000000e-50 1.000000e-50 1.000000e-50 1.000000e-50 1.000000e-50 1.000000e-50 1.000000e-50 1.000000e-50 1.000000e-50 1.000000e-50 1.000000e-50 1.000000e-50 1.000000e-50 1.000000e-50 1.000000e-50 4.666670e-01 
1.224240e-01 1.000000e-50 1.000000e-50 1.263970e-01 1.000000e-50 1.000000e-50 1.000000e-50 3.724860e-02 1.000000e-50 3.203380e-02 1.000000e-50 1.196920e-01 7.449710e-04 1.000000e-50 6.208100e-03 1.000000e-50 1.000000e-50 1.000000e-50 1.000000e-50 1.000000e-50 1.000000e-50 1.000000e-50 1.000000e-50 1.000000e-50 1.000000e-50 1.000000e-50 2.210080e-02 1.072760e-01 1.000000e-50 1.000000e-50 1.000000e-50 1.000000e-50 1.000000e-50 1.000000e-50 1.000000e-50 1.000000e-50 1.092620e-02 1.000000e-50 1.000000e-50 1.000000e-50 3.084180e-01 1.489940e-02 1.000000e-50 2.781230e-02 1.000000e-50 1.000000e-50 6.381920e-02 1.000000e-50 1.000000e-50 1.000000e-50 
1.000000e-50 1.000000e-50 1.000000e-50 1.000000e-50 1.000000e-50 1.000000e-50 1.000000e-50 4.160000e-01 1.000000e-50 1.000000e-50 1.000000e-50 1.000000e-50 1.000000e-50 1.000000e-50 1.000000e-50 1.000000e-50 1.200000e-02 1.000000e-50 1.000000e-50 1.000000e-50 1.000000e-50 1.000000e-50 1.000000e-50 1.000000e-50 4.000000e-03 1.000000e-50 1.000000e-50 1.000000e-50 1.000000e-50 1.000000e-50 1.000000e-50 1.000000e-50 1.000000e-50 1.000000e-50 1.000000e-50 1.000000e-50 7.733330e-02 1.000000e-50 1.733330e-02 1.000000e-50 1.000000e-50 5.866670e-02 1.000000e-50 1.000000e-50 1.000000e-50 8.000000e-03 4.026670e-01 1.000000e-50 1.000000e-50 4.000000e-03 
1.000000e-50 1.000000e-50 1.711710e-01 1.000000e-50 1.000000e-50 1.000000e-50 1.000000e-50 1.000000e-50 1.000000e-50 1.000000e-50 1.000000e-50 1.000000e-50 1.000000e-50 1.000000e-50 1.000000e-50 1.000000e-50 1.261260e-01 1.000000e-50 1.000000e-50 1.000000e-50 1.000000e-50 1.171170e-01 1.000000e-50 1.000000e-50 1.000000e-50 1.000000e-50 1.000000e-50 1.000000e-50 1.000000e-50 1.000000e-50 1.000000e-50 1.000000e-50 9.909910e-02 1.000000e-50 1.000000e-50 1.000000e-50 1.000000e-50 1.000000e-50 1.000000e-50 1.000000e-50 1.000000e-50 1.000000e-50 1.000000e-50 1.000000e-50 1.000000e-50 1.000000e-50 1.000000e-50 1.000000e-50 1.000000e-50 4.864860e-01 
6.508880e-02 1.000000e-50 1.000000e-50 1.153850e-01 1.000000e-50 1.183430e-02 1.000000e-50 1.153850e-01 1.000000e-50 3.550300e-02 1.000000e-50 9.911240e-02 1.000000e-50 1.000000e-50 1.627220e-02 1.000000e-50 1.000000e-50 1.000000e-50 1.000000e-50 1.000000e-50 1.000000e-50 1.000000e-50 1.000000e-50 1.000000e-50 1.000000e-50 1.000000e-50 1.775150e-02 8.431950e-02 1.000000e-50 1.000000e-50 1.000000e-50 1.000000e-50 1.000000e-50 1.000000e-50 1.000000e-50 1.000000e-50 1.000000e-50 1.000000e-50 4.437870e-03 1.000000e-50 1.819530e-01 5.177510e-02 1.000000e-50 4.585800e-02 1.000000e-50 1.000000e-50 1.553250e-01 1.000000e-50 1.000000e-50 1.000000e-50 
1.000000e-50 1.000000e-50 8.958330e-02 1.000000e-50 2.291670e-02 1.000000e-50 8.333330e-03 1.833330e-01 1.000000e-50 1.000000e-50 1.000000e-50 1.000000e-50 1.041670e-02 1.187500e-01 2.083330e-02 1.000000e-50 3.541670e-02 1.000000e-01 1.000000e-50 6.250000e-02 2.500000e-02 6.041670e-02 1.000000e-50 1.000000e-50 1.875000e-02 1.000000e-50 1.000000e-50 1.000000e-50 1.000000e-50 1.000000e-50 9.583330e-02 1.000000e-50 1.041670e-02 6.041670e-02 1.000000e-50 1.000000e-50 1.000000e-50 1.000000e-50 1.458330e-02 1.000000e-50 1.000000e-50 1.000000e-50 1.000000e-50 1.000000e-50 1.000000e-50 5.208330e-02 1.000000e-50 1.000000e-50 1.000000e-50 1.041670e-02 
3.376210e-02 1.000000e-50 1.000000e-50 1.000000e-50 4.662380e-02 1.000000e-50 4.823150e-03 1.000000e-50 3.215430e-03 1.000000e-50 1.000000e-50 1.000000e-50 1.000000e-50 8.038590e-02 6.109320e-02 1.768490e-02 1.205790e-01 7.395500e-02 1.000000e-50 1.511250e-01 1.607720e-02 1.000000e-50 1.000000e-50 1.446950e-02 2.733120e-02 1.000000e-50 2.411580e-02 1.000000e-50 2.250800e-02 2.411580e-02 1.000000e-50 4.180060e-02 1.446950e-02 3.536980e-02 1.000000e-50 1.000000e-50 1.000000e-50 1.607720e-02 3.376210e-02 1.000000e-50 1.000000e-50 1.000000e-50 1.000000e-50 1.768490e-02 4.340840e-02 4.823150e-02 2.733120e-02 1.000000e-50 1.000000e-50 1.000000e-50 
6.265980e-02 1.000000e-50 7.289000e-02 1.000000e-50 1.982100e-02 1.000000e-50 1.000000e-50 6.074170e-02 1.000000e-50 1.790280e-02 1.000000e-50 2.493610e-02 1.406650e-02 1.000000e-50 1.854220e-02 1.000000e-50 1.000000e-50 1.790280e-02 1.982100e-02 4.859340e-02 1.000000e-50 4.603580e-02 1.000000e-50 1.982100e-02 3.836320e-02 1.278770e-02 1.000000e-50 2.237850e-02 1.000000e-50 2.301790e-02 1.000000e-50 2.429670e-02 3.196930e-03 1.086960e-02 1.000000e-50 1.000000e-50 5.498720e-02 1.000000e-50 1.000000e-50 1.000000e-50 3.132990e-02 1.534530e-02 1.000000e-50 1.662400e-02 3.836320e-03 3.069050e-02 1.873400e-01 7.033250e-03 2.173910e-02 5.242970e-02 
1.800000e-01 1.000000e-50 1.000000e-50 1.200000e-01 1.000000e-50 1.000000e-50 1.000000e-50 1.000000e-50 1.000000e-50 1.000000e-50 1.000000e-50 1.000000e-50 1.000000e-50 1.000000e-50 1.000000e-50 1.000000e-50 1.000000e-50 1.000000e-50 1.000000e-50 1.000000e-50 1.000000e-50 1.000000e-50 1.000000e-50 1.000000e-50 1.000000e-50 1.000000e-50 4.000000e-02 1.000000e-50 1.000000e-50 1.000000e-50 1.000000e-50 1.000000e-50 1.000000e-50 1.000000e-50 1.000000e-50 1.000000e-50 1.000000e-50 1.000000e-50 1.000000e-50 1.000000e-50 1.000000e-50 5.400000e-01 1.000000e-50 1.200000e-01 1.000000e-50 1.000000e-50 1.000000e-50 1.000000e-50 1.000000e-50 1.000000e-50 
1.000000e-50 1.000000e-50 1.000000e-50 1.000000e-50 1.000000e-50 1.000000e-50 2.158270e-02 1.000000e-50 1.000000e-50 1.000000e-50 1.000000e-50 1.000000e-50 1.000000e-50 1.000000e-50 1.000000e-50 4.748200e-01 1.000000e-50 1.000000e-50 1.000000e-50 1.000000e-50 1.000000e-50 1.000000e-50 1.000000e-50 1.000000e-50 1.000000e-50 2.877700e-02 1.000000e-50 1.000000e-50 1.000000e-50 1.000000e-50 1.000000e-50 1.000000e-50 1.000000e-50 1.000000e-50 1.000000e-50 1.000000e-50 1.000000e-50 1.000000e-50 1.000000e-50 1.000000e-50 1.000000e-50 1.000000e-50 1.438850e-01 1.000000e-50 3.309350e-01 1.000000e-50 1.000000e-50 1.000000e-50 1.000000e-50 1.000000e-50 
1.000000e-50 1.000000e-50 6.861920e-02 5.857740e-03 7.949790e-02 1.000000e-50 1.338910e-02 5.774060e-02 1.000000e-50 1.000000e-50 1.000000e-50 1.000000e-50 1.000000e-50 1.000000e-50 1.757320e-02 1.000000e-50 3.347280e-02 1.372380e-01 1.000000e-50 2.694560e-01 1.000000e-50 1.138080e-01 1.000000e-50 7.531380e-03 4.184100e-03 1.000000e-50 2.510460e-03 1.000000e-50 1.000000e-50 1.000000e-50 4.518830e-02 1.000000e-50 1.506280e-02 1.673640e-02 1.000000e-50 1.000000e-50 1.000000e-50 5.690380e-02 4.184100e-03 1.000000e-50 1.000000e-50 1.000000e-50 1.000000e-50 1.000000e-50 1.000000e-50 2.008370e-02 1.171550e-02 3.347280e-03 1.000000e-50 1.589960e-02 

#DOUBLE_50x3_DISCRETE_SS_EMISSION
9.888890e-01 1.000000e-50 1.111110e-02 
1.000000e-50 1.000000e+00 1.000000e-50 
1.000000e-50 1.769860e-01 8.230140e-01 
1.000000e+00 1.000000e-50 1.000000e-50 
1.000000e-50 4.870270e-01 5.129730e-01 
1.000000e+00 1.000000e-50 1.000000e-50 
1.000000e-50 1.000000e-50 1.000000e+00 
2.540170e-01 1.000000e-50 7.459830e-01 
1.000000e-50 7.129630e-01 2.870370e-01 
1.000000e+00 1.000000e-50 1.000000e-50 
1.000000e-50 1.000000e-50 1.000000e+00 
9.993370e-01 1.000000e-50 6.631300e-04 
3.783780e-01 1.000000e-50 6.216220e-01 
1.000000e-50 1.000000e-50 1.000000e+00 
1.000000e+00 1.000000e-50 1.000000e-50 
1.000000e-50 1.976870e-01 8.023130e-01 
1.000000e-50 4.306630e-02 9.569340e-01 
1.000000e-50 6.259540e-01 3.740460e-01 
1.000000e-50 1.000000e-50 1.000000e+00 
1.000000e-50 1.808140e-01 8.191860e-01 
1.000000e-50 3.703700e-02 9.629630e-01 
1.000000e-50 3.675050e-01 6.324950e-01 
1.000000e-50 1.000000e-50 1.000000e+00 
1.000000e-50 1.000000e-50 1.000000e+00 
1.000000e-50 6.830600e-02 9.316940e-01 
9.696970e-01 1.000000e-50 3.030300e-02 
1.000000e+00 1.000000e-50 1.000000e-50 
1.000000e+00 1.000000e-50 1.000000e-50 
1.235960e-01 1.161050e-01 7.603000e-01 
1.000000e-50 1.000000e-50 1.000000e+00 
1.000000e-50 1.000000e-50 1.000000e+00 
3.045690e-02 1.000000e-50 9.695430e-01 
1.000000e-50 6.159420e-01 3.840580e-01 
1.000000e-50 3.453690e-02 9.654630e-01 
1.000000e-50 9.866440e-01 1.335560e-02 
1.000000e-50 5.232560e-01 4.767440e-01 
7.747040e-01 1.000000e-50 2.252960e-01 
1.000000e-50 1.000000e-50 1.000000e+00 
1.000000e-50 1.000000e-50 1.000000e+00 
1.000000e-50 1.000000e-50 1.000000e+00 
1.000000e+00 1.000000e-50 1.000000e-50 
8.900660e-01 1.000000e-50 1.099340e-01 
1.000000e-50 1.000000e-50 1.000000e+00 
9.763310e-01 1.000000e-50 2.366860e-02 
1.000000e-50 1.024590e-02 9.897540e-01 
1.000000e-50 1.100630e-02 9.889940e-01 
8.327020e-01 1.000000e-50 1.672980e-01 
9.600000e-01 1.000000e-50 4.000000e-02 
1.000000e-50 7.746480e-02 9.225350e-01 
9.983360e-03 6.655570e-03 9.833610e-01 

#DOUBLE_50x1_GAUSSIAN_CS-C_MU
1.778360e+02 
1.747510e+02 
1.760040e+02 
1.775500e+02 
1.740430e+02 
1.777720e+02 
1.871260e+02 
1.759780e+02 
1.761060e+02 
1.764080e+02 
1.734860e+02 
1.788300e+02 
1.766750e+02 
1.760260e+02 
1.775960e+02 
1.763780e+02 
1.759690e+02 
1.741190e+02 
1.756000e+02 
1.760500e+02 
1.738680e+02 
1.753560e+02 
1.786440e+02 
1.770940e+02 
8.089680e+01 
1.582580e+02 
1.752220e+02 
1.794580e+02 
1.668680e+02 
-2.511410e+01 
1.765110e+02 
1.748990e+02 
1.184330e+02 
1.748000e+02 
1.748690e+02 
1.759280e+02 
1.750970e+02 
1.771670e+02 
7.480370e+01 
1.748200e+02 
1.786430e+02 
1.768980e+02 
1.765780e+02 
1.762660e+02 
1.763740e+02 
1.750290e+02 
1.767520e+02 
1.779830e+02 
1.734880e+02 
1.396480e+02 

#DOUBLE_50x1_GAUSSIAN_CS-C_SIGMA
1.680620e+00 
1.964010e+00 
2.683270e+00 
2.468850e+00 
3.097320e+00 
1.694890e+00 
1.509610e+02 
2.061300e+00 
1.687290e+00 
1.200660e+00 
8.760270e-01 
9.355870e-01 
1.558990e+00 
2.230280e+00 
3.911650e+00 
1.772590e+00 
3.238580e+00 
2.482750e+00 
1.629690e+00 
2.296890e+00 
1.109860e+00 
2.269710e+00 
1.148140e+00 
2.371930e+00 
1.299890e+03 
3.512400e-01 
1.714910e+02 
2.340020e+00 
8.474690e+02 
3.245770e+02 
1.121950e+00 
1.973350e+00 
1.334340e+03 
1.656710e+00 
2.037810e+00 
1.639110e+00 
1.320420e+00 
1.865030e+00 
3.169790e+02 
2.242340e-01 
1.315030e+00 
1.674860e+00 
2.028150e+00 
1.595490e+00 
2.376620e+00 
1.900580e+00 
2.177630e+00 
1.327550e+00 
3.474280e+00 
4.355830e+03 

#DOUBLE_50x1_GAUSSIAN_CS-CA_MU
6.552570e+01 
6.021660e+01 
5.310990e+01 
5.944440e+01 
5.933280e+01 
6.683900e+01 
4.457740e+01 
5.479000e+01 
5.084070e+01 
6.628220e+01 
6.233610e+01 
5.769330e+01 
4.805820e+01 
5.618230e+01 
5.940310e+01 
6.274700e+01 
5.480870e+01 
5.494170e+01 
5.607040e+01 
5.579650e+01 
5.744080e+01 
6.079790e+01 
6.426650e+01 
5.800840e+01 
4.535980e+01 
4.708060e+01 
4.726820e+01 
5.504030e+01 
4.979110e+01 
4.535790e+01 
5.737710e+01 
5.597680e+01 
4.497560e+01 
6.106390e+01 
5.455620e+01 
5.796030e+01 
6.128350e+01 
5.238050e+01 
4.579930e+01 
6.359350e+01 
5.918590e+01 
5.710070e+01 
6.350770e+01 
6.149730e+01 
6.415880e+01 
5.995130e+01 
5.787240e+01 
4.774060e+01 
5.281700e+01 
4.564730e+01 

#DOUBLE_50x1_GAUSSIAN_CS-CA_SIGMA
1.683960e+00 
1.618540e+00 
1.807820e+00 
8.561480e+00 
5.570880e+00 
4.125610e-01 
7.003760e-01 
3.919690e+00 
1.122370e+00 
2.474310e+00 
4.241910e-01 
4.428600e-01 
1.579620e+01 
4.513100e+00 
4.240300e+00 
6.535760e-01 
5.767540e+00 
4.262090e+00 
5.166080e+00 
3.092100e+00 
2.093300e+00 
4.270710e+00 
3.213570e+00 
6.577470e+00 
1.177180e+00 
1.644800e+00 
6.354930e-01 
4.142920e-01 
3.706620e+01 
1.794990e+00 
1.194990e+00 
2.918340e+00 
1.121350e+00 
5.271070e+00 
3.609530e+00 
1.004640e+01 
5.968180e+00 
1.202990e+00 
1.157780e+00 
2.797260e+00 
9.655660e-01 
3.253500e+00 
8.398070e-01 
1.156420e+00 
1.513190e+00 
5.964570e+00 
1.093040e+01 
1.463780e+01 
6.213960e+00 
6.246970e-01 

#DOUBLE_50x1_GAUSSIAN_CS-CB_MU
3.347610e+01 
3.720440e+01 
4.094620e+01 
3.899610e+01 
6.805450e+01 
3.133670e+01 
1.022300e+02 
3.601960e+01 
2.106200e+01 
6.842010e+01 
7.020100e+01 
4.129080e+01 
2.154690e+01 
3.620100e+01 
3.227310e+01 
3.233190e+01 
2.942550e+01 
3.656590e+01 
3.247010e+01 
3.407050e+01 
7.149370e+01 
3.572380e+01 
3.191620e+01 
3.068290e+01 
3.033960e+01 
3.789990e+01 
3.114450e+01 
1.825590e+01 
5.128940e+01 
2.855960e+01 
3.123100e+01 
3.289150e+01 
2.560320e+01 
6.614050e+01 
3.721270e+01 
3.612290e+01 
6.728870e+01 
1.936390e+01 
6.825680e+01 
6.942160e+01 
3.016030e+01 
3.264940e+01 
3.176970e+01 
6.288870e+01 
3.169150e+01 
5.158920e+01 
3.414640e+01 
3.591510e+01 
3.409130e+01 
3.815980e+01 

#DOUBLE_50x1_GAUSSIAN_CS-CB_SIGMA
1.109440e+01 
1.172880e+01 
3.937190e+00 
2.718140e+00 
1.002760e+01 
1.983570e-01 
4.986900e+01 
3.819200e+01 
4.587210e+00 
8.841650e-01 
7.488060e-02 
1.003920e+00 
3.519080e+01 
2.698010e+01 
2.914990e+01 
9.754640e-01 
6.633360e+01 
3.744090e+01 
1.516570e+01 
2.656920e+01 
1.815830e+03 
1.176670e+01 
4.512710e-02 
5.411160e+01 
3.269610e+02 
5.888090e+00 
7.478590e+01 
6.526420e-01 
2.730090e+02 
5.322100e+01 
3.029370e+00 
3.180030e+01 
2.754900e+02 
8.922540e+00 
4.247330e+01 
4.024460e+01 
9.152760e+00 
1.480710e+00 
9.636230e+00 
8.440150e-01 
2.758590e+00 
3.159880e+01 
1.965220e-01 
5.641220e-01 
1.421200e+00 
2.453240e+02 
7.823980e+01 
1.717380e+01 
6.425680e+01 
6.004700e+02 

#DOUBLE_50x1_GAUSSIAN_CS-H_MU
8.025740e+00 
8.829640e+00 
8.254540e+00 
8.220160e+00 
8.342650e+00 
8.050970e+00 
7.905050e+00 
7.811160e+00 
8.561980e+00 
8.154020e+00 
8.542250e+00 
8.068240e+00 
8.178830e+00 
8.483560e+00 
8.616570e+00 
8.919150e+00 
8.193640e+00 
7.708270e+00 
8.023220e+00 
8.211600e+00 
7.375970e+00 
8.044330e+00 
7.979940e+00 
8.547180e+00 
8.133600e+00 
8.291520e+00 
8.292510e+00 
8.128040e+00 
8.417540e+00 
8.244780e+00 
8.387970e+00 
8.381980e+00 
8.262480e+00 
8.345560e+00 
8.860890e+00 
8.772880e+00 
7.658750e+00 
7.902820e+00 
8.402880e+00 
8.578720e+00 
8.078560e+00 
8.126130e+00 
1.246280e+01 
8.298090e+00 
8.320640e+00 
8.064630e+00 
7.715110e+00 
8.363720e+00 
8.242420e+00 
8.367190e+00 

#DOUBLE_50x1_GAUSSIAN_CS-H_SIGMA
3.077710e-01 
2.644320e-01 
4.503120e-01 
3.189520e-01 
5.226590e-01 
3.627860e-01 
9.682410e-01 
3.156250e-01 
6.674420e-01 
3.419500e-01 
2.040470e-01 
2.624490e-01 
8.740370e-01 
1.033130e+00 
7.513870e-01 
8.190900e-01 
4.213300e-01 
3.695080e-01 
1.354420e-01 
5.234520e-01 
8.497460e-02 
7.337420e-01 
3.424980e-09 
3.167420e-01 
3.871510e-01 
4.720010e-01 
4.016770e-01 
3.066570e-01 
1.483550e+00 
4.403330e-01 
4.398580e-01 
6.477980e-01 
7.324270e-01 
5.530920e-01 
2.937010e-01 
2.579850e-01 
1.543930e-01 
4.593580e-01 
3.136190e-01 
1.586560e-01 
2.543650e-01 
6.098540e-01 
3.684110e+00 
3.671210e-01 
2.071810e+00 
5.093300e-01 
2.566460e-01 
2.681660e-01 
3.628410e-01 
5.129350e-01 

#DOUBLE_50x1_GAUSSIAN_CS-HA_MU
3.736020e+00 
4.802900e+00 
4.780450e+00 
4.164270e+00 
4.743390e+00 
3.454090e+00 
4.042600e+00 
4.554920e+00 
4.692010e+00 
3.931450e+00 
4.205300e+00 
4.081620e+00 
4.136040e+00 
4.505170e+00 
3.924080e+00 
4.488120e+00 
4.335790e+00 
4.936740e+00 
4.898780e+00 
4.411860e+00 
4.694460e+00 
4.247140e+00 
4.405530e+00 
4.109660e+00 
3.933210e+00 
3.361430e+00 
3.882240e+00 
4.036880e+00 
4.019250e+00 
4.050420e+00 
4.184710e+00 
4.051490e+00 
4.158260e+00 
4.415190e+00 
5.082380e+00 
4.430220e+00 
4.344330e+00 
4.251200e+00 
3.861450e+00 
4.016110e+00 
4.033550e+00 
4.199760e+00 
4.105350e+00 
4.202430e+00 
4.260680e+00 
4.447890e+00 
4.280010e+00 
3.908300e+00 
4.923580e+00 
3.940430e+00 

#DOUBLE_50x1_GAUSSIAN_CS-HA_SIGMA
1.901280e-01 
1.652040e-01 
1.010100e-01 
1.285220e-01 
1.991510e-01 
6.508310e-02 
1.724820e-01 
8.527390e-02 
2.731780e-01 
8.466180e-02 
4.165450e-02 
9.000590e-02 
6.630370e-02 
1.209500e-01 
3.090810e-01 
1.157260e-01 
1.243800e-01 
2.226020e-01 
3.816470e-02 
1.664000e-01 
3.570570e-02 
2.365120e-01 
8.565660e-02 
6.693410e-02 
1.020450e-01 
7.266730e-01 
5.504570e-02 
6.788260e-02 
1.209190e+00 
1.409680e-01 
5.676710e-02 
2.303250e-01 
3.522510e-01 
9.249110e-02 
2.040230e-01 
1.366600e-01 
1.446750e-01 
9.440050e-02 
9.620910e-02 
4.101130e-03 
6.018840e-02 
8.763480e-02 
2.530890e-01 
4.770220e-02 
1.921130e-01 
3.492470e-01 
1.218780e-01 
2.021610e-02 
1.445990e-01 
1.233100e-01 

#DOUBLE_50x1_GAUSSIAN_CS-N_MU
1.197960e+02 
1.230720e+02 
1.212030e+02 
1.193050e+02 
1.161280e+02 
1.193480e+02 
1.090540e+02 
1.161110e+02 
1.255760e+02 
1.158880e+02 
1.161570e+02 
1.195050e+02 
1.089880e+02 
1.192900e+02 
1.218570e+02 
1.294760e+02 
1.211510e+02 
1.168290e+02 
1.176990e+02 
1.218430e+02 
1.106720e+02 
1.211840e+02 
1.190180e+02 
1.222550e+02 
1.081300e+02 
1.092290e+02 
1.071560e+02 
1.214950e+02 
1.144390e+02 
1.095690e+02 
1.197010e+02 
1.173690e+02 
1.093430e+02 
1.141280e+02 
1.237440e+02 
1.243430e+02 
1.099940e+02 
1.237430e+02 
1.081580e+02 
1.214140e+02 
1.188560e+02 
1.171500e+02 
1.390760e+02 
1.150570e+02 
1.217630e+02 
1.156340e+02 
1.168680e+02 
1.106730e+02 
1.203640e+02 
1.093120e+02 

#DOUBLE_50x1_GAUSSIAN_CS-N_SIGMA
1.036470e+01 
1.902900e+01 
1.717360e+01 
5.686150e+00 
2.200650e+01 
5.212770e+00 
7.558040e+00 
8.386630e+00 
1.976370e+01 
1.112670e+01 
2.308170e+01 
5.882310e+00 
8.382010e+02 
1.684050e+01 
1.521490e+01 
6.657110e+01 
1.878870e+01 
1.423700e+01 
6.203630e+00 
1.314790e+01 
8.688250e+00 
2.187170e+01 
2.478600e-02 
1.581470e+01 
9.788160e+00 
4.501360e+01 
6.984600e+00 
5.587720e+00 
4.928350e+01 
1.655750e+01 
1.284010e+01 
3.336840e+01 
1.635040e+01 
2.622610e+01 
1.544520e+01 
2.387530e+01 
1.282630e+01 
8.139350e+00 
1.413720e+01 
1.182750e+01 
5.045550e+00 
1.152130e+01 
2.506850e+01 
1.015970e+01 
5.732930e+01 
2.832510e+01 
1.492880e+01 
1.687450e+01 
3.146220e+01 
1.664960e+01 

#DOUBLE_50x3_TORUS_TORUS_KAPPA
7.088600e+01 4.933460e+01 6.918200e+00 
2.546600e+01 2.532840e+01 7.827790e+00 
4.081600e+00 1.371140e+00 -4.426100e-01 
1.544920e+02 1.211630e+02 4.346650e+01 
4.773360e+00 1.038680e+01 8.833090e-01 
2.165490e+02 2.593710e+02 7.948520e+01 
4.395510e+01 2.364690e+01 1.356050e+01 
4.071920e+01 3.980690e+01 1.546560e+01 
6.607740e+00 1.850870e+01 2.998520e+00 
1.151540e+02 9.024280e+01 3.237120e+01 
1.911290e+01 3.086510e+00 1.298640e+00 
1.255810e+02 9.420930e+01 2.853620e+01 
4.934470e+00 3.807640e+00 1.775140e+00 
1.714200e+01 1.571670e+01 7.393530e+00 
8.396130e+01 6.601540e+01 2.324970e+01 
5.455390e+01 3.365310e+01 1.170080e+01 
8.415320e-01 7.294090e-01 2.470590e-01 
1.239170e+01 1.927330e+01 3.634880e+00 
8.516760e+00 5.139320e+00 -3.205190e+00 
7.059240e+00 9.152370e+00 4.762960e-01 
1.959920e+01 4.107710e+01 6.676830e+00 
5.794470e+00 9.830890e+00 8.082990e-01 
8.342620e+00 3.458770e-01 -3.321070e-01 
1.112190e+02 6.681250e+01 3.446920e+01 
5.283860e-01 6.473930e-01 2.139050e-01 
3.198170e+01 2.561910e+01 9.445100e+00 
1.446950e+02 6.959510e+01 2.582770e+01 
1.467670e+02 9.262330e+01 3.051530e+01 
4.841210e-01 4.991430e-01 1.391650e-01 
4.721060e+01 2.455640e+01 1.615400e+01 
1.376290e+01 1.347930e+01 3.308970e+00 
1.145970e+02 5.898910e+01 3.334930e+01 
3.907580e+00 8.816350e+00 2.707140e+00 
1.935140e+01 2.066990e+01 7.756640e+00 
1.233140e+01 1.652050e+01 4.254410e+00 
1.429460e+01 1.379870e+01 4.452010e+00 
1.477730e+01 1.418790e+01 4.218780e+00 
2.607170e+01 2.656210e+01 6.564050e+00 
6.724750e+01 6.315910e+01 3.220470e+01 
3.360200e+01 7.184080e+01 -2.289390e+01 
1.522590e+02 1.237740e+02 3.851660e+01 
1.409880e+02 9.942690e+01 4.618210e+01 
1.225850e+02 8.402970e+01 3.919660e+01 
9.385010e+01 4.881230e+01 1.715450e+01 
2.678590e+01 1.062270e+01 5.636730e+00 
1.802030e+00 1.072410e+00 1.330560e-01 
1.308010e+01 1.159890e+01 3.825580e+00 
1.001870e+02 5.649960e+01 3.259770e+01 
1.041860e+01 7.518350e+00 -4.367000e+00 
4.693300e+01 3.663770e+01 1.793400e+01 

#DOUBLE_50x2_TORUS_TORUS_KAPPA-ENVELOPE
4.173894e+01 4.173894e+01 
1.457796e+01 1.457796e+01 
1.732622e+00 1.732622e+00 
6.120509e+01 6.120509e+01 
9.466769e+00 9.466769e+00 
1.346603e+02 1.346603e+02 
5.450087e+00 5.450087e+00 
1.609424e+01 1.609424e+01 
1.398364e+01 1.398364e+01 
4.574115e+01 4.574115e+01 
1.766329e+00 1.766329e+00 
5.759820e+01 5.759820e+01 
1.897559e+00 1.897559e+00 
4.808195e+00 4.808195e+00 
3.436569e+01 3.436569e+01 
1.906265e+01 1.906265e+01 
6.330149e-01 6.330149e-01 
1.451408e+01 1.451408e+01 
7.396347e+00 7.396347e+00 
8.684130e+00 8.684130e+00 
3.145842e+01 3.145842e+01 
8.999767e+00 8.999767e+00 
6.536465e-01 6.536465e-01 
1.804735e+01 1.804735e+01 
5.926492e-01 5.926492e-01 
1.280979e+01 1.280979e+01 
3.839919e+01 3.839919e+01 
5.437835e+01 5.437835e+01 
4.663643e-01 4.663643e-01 
3.165993e+00 3.165993e+00 
9.419627e+00 9.419627e+00 
1.325119e+01 1.325119e+01 
5.047056e+00 5.047056e+00 
8.974928e+00 8.974928e+00 
1.064048e+01 1.064048e+01 
7.898124e+00 7.898124e+00 
8.731231e+00 8.731231e+00 
1.811526e+01 1.811526e+01 
8.065661e+00 8.065661e+00 
8.535640e+01 8.535640e+01 
7.259364e+01 7.259364e+01 
3.185058e+01 3.185058e+01 
2.748578e+01 2.748578e+01 
2.805901e+01 2.805901e+01 
3.952529e+00 3.952529e+00 
9.830015e-01 9.830015e-01 
6.687929e+00 6.687929e+00 
1.017716e+01 1.017716e+01 
1.051935e+01 1.051935e+01 
9.515362e+00 9.515362e+00 

#DOUBLE_50x2_TORUS_TORUS_MU
-1.087080e+00 -7.061640e-01 
-2.079750e+00 2.297770e+00 
-1.732140e+00 2.096860e+00 
-1.106010e+00 -7.275040e-01 
-1.899870e+00 2.612310e+00 
-1.112880e+00 -7.544200e-01 
-1.495490e+00 -3.073970e+00 
-1.632480e+00 2.865040e-02 
-1.919650e+00 2.504840e+00 
-1.104810e+00 -7.144330e-01 
-1.997850e+00 -4.252080e-01 
-1.111650e+00 -7.101640e-01 
-1.678270e+00 3.083310e-02 
-1.637320e+00 -2.193390e-01 
-1.030340e+00 -6.901950e-01 
-1.159880e+00 2.576550e+00 
-1.567110e+00 6.977790e-01 
-2.427110e+00 2.641650e+00 
-2.181730e+00 1.346980e+00 
-1.441190e+00 2.437850e+00 
-2.505540e+00 2.775210e+00 
-1.708340e+00 2.293200e+00 
-1.339340e+00 1.804150e+00 
-1.089980e+00 -4.799440e-01 
2.349320e+00 -3.007540e+00 
-1.113240e+00 -6.538800e-01 
-1.080210e+00 -7.006010e-01 
-1.087070e+00 -7.002210e-01 
-1.526010e+00 2.313210e+00 
1.393630e+00 -2.894540e+00 
-1.482310e+00 -4.372340e-01 
1.007830e+00 6.565240e-01 
-2.715980e+00 3.032310e+00 
-1.531410e+00 -2.303290e-01 
-2.051950e+00 2.372050e+00 
-1.625490e+00 -5.166730e-01 
-1.601950e+00 -2.676990e-01 
-1.236760e+00 2.547020e+00 
-1.362260e+00 -2.127620e-01 
-1.092500e+00 2.217730e+00 
-1.113540e+00 -7.144090e-01 
-1.167870e+00 -3.221090e-01 
-9.942320e-01 2.399750e+00 
-1.105060e+00 -6.038360e-01 
-1.193440e+00 -2.955850e-01 
-1.825800e+00 2.125890e-01 
-1.481730e+00 -4.032940e-01 
9.916820e-01 -2.395370e+00 
-2.261410e+00 1.409210e+00 
1.454720e+00 1.392290e-01 

#DOUBLE_50x2_TORUS_TORUS_MU-ENVELOPE
0.000000e+00 -0.000000e+00 
0.000000e+00 -0.000000e+00 
0.000000e+00 -0.000000e+00 
0.000000e+00 -0.000000e+00 
0.000000e+00 -0.000000e+00 
0.000000e+00 -0.000000e+00 
0.000000e+00 -0.000000e+00 
0.000000e+00 -0.000000e+00 
0.000000e+00 -0.000000e+00 
0.000000e+00 -0.000000e+00 
0.000000e+00 -0.000000e+00 
0.000000e+00 -0.000000e+00 
0.000000e+00 -0.000000e+00 
0.000000e+00 -0.000000e+00 
0.000000e+00 -0.000000e+00 
0.000000e+00 -0.000000e+00 
0.000000e+00 -0.000000e+00 
0.000000e+00 -0.000000e+00 
0.000000e+00 -0.000000e+00 
0.000000e+00 -0.000000e+00 
0.000000e+00 -0.000000e+00 
0.000000e+00 -0.000000e+00 
0.000000e+00 -0.000000e+00 
0.000000e+00 -0.000000e+00 
0.000000e+00 -0.000000e+00 
0.000000e+00 -0.000000e+00 
0.000000e+00 -0.000000e+00 
0.000000e+00 -0.000000e+00 
0.000000e+00 -0.000000e+00 
0.000000e+00 -0.000000e+00 
0.000000e+00 -0.000000e+00 
0.000000e+00 -0.000000e+00 
0.000000e+00 -0.000000e+00 
0.000000e+00 -0.000000e+00 
0.000000e+00 -0.000000e+00 
0.000000e+00 -0.000000e+00 
0.000000e+00 -0.000000e+00 
0.000000e+00 -0.000000e+00 
0.000000e+00 -0.000000e+00 
0.000000e+00 -0.000000e+00 
0.000000e+00 -0.000000e+00 
0.000000e+00 -0.000000e+00 
0.000000e+00 -0.000000e+00 
0.000000e+00 -0.000000e+00 
0.000000e+00 -0.000000e+00 
0.000000e+00 -0.000000e+00 
0.000000e+00 -0.000000e+00 
0.000000e+00 -0.000000e+00 
0.000000e+00 -0.000000e+00 
0.000000e+00 -0.000000e+00 

#DOUBLE_50x2_TORUS_TORUS_PROPORTION-ENVELOPE
5.000000e-01 5.000000e-01 
5.000000e-01 5.000000e-01 
5.000000e-01 5.000000e-01 
5.000000e-01 5.000000e-01 
5.000000e-01 5.000000e-01 
5.000000e-01 5.000000e-01 
5.000000e-01 5.000000e-01 
5.000000e-01 5.000000e-01 
5.000000e-01 5.000000e-01 
5.000000e-01 5.000000e-01 
5.000000e-01 5.000000e-01 
5.000000e-01 5.000000e-01 
5.000000e-01 5.000000e-01 
5.000000e-01 5.000000e-01 
5.000000e-01 5.000000e-01 
5.000000e-01 5.000000e-01 
5.000000e-01 5.000000e-01 
5.000000e-01 5.000000e-01 
5.000000e-01 5.000000e-01 
5.000000e-01 5.000000e-01 
5.000000e-01 5.000000e-01 
5.000000e-01 5.000000e-01 
5.000000e-01 5.000000e-01 
5.000000e-01 5.000000e-01 
5.000000e-01 5.000000e-01 
5.000000e-01 5.000000e-01 
5.000000e-01 5.000000e-01 
5.000000e-01 5.000000e-01 
5.000000e-01 5.000000e-01 
5.000000e-01 5.000000e-01 
5.000000e-01 5.000000e-01 
5.000000e-01 5.000000e-01 
5.000000e-01 5.000000e-01 
5.000000e-01 5.000000e-01 
5.000000e-01 5.000000e-01 
5.000000e-01 5.000000e-01 
5.000000e-01 5.000000e-01 
5.000000e-01 5.000000e-01 
5.000000e-01 5.000000e-01 
5.000000e-01 5.000000e-01 
5.000000e-01 5.000000e-01 
5.000000e-01 5.000000e-01 
5.000000e-01 5.000000e-01 
5.000000e-01 5.000000e-01 
5.000000e-01 5.000000e-01 
5.000000e-01 5.000000e-01 
5.000000e-01 5.000000e-01 
5.000000e-01 5.000000e-01 
5.000000e-01 5.000000e-01 
5.000000e-01 5.000000e-01 


