ASS        N        HN      RDC

S2N-H   116.8   8.82   -0.71
Q3N-H   122.6   8.55   -0.63
T4N-H   115.1   8.22   1.73
L5N-H   123.8   8.19   2.49
D6N-H   120.4   8.16   -4.29
R7N-H   119.4   8.15   -3.12
D8N-H   121.0   9.29   NO_RDC
T10N-H   117.7   8.41   1.56
L11N-H   128.5   9.16   3.13
T12N-H   119.3   8.58   5.14
L13N-H   126.9   9.47   6.76
S14N-H   117.4   8.82   3.19
L15N-H   124.9   8.23   1.35
I16N-H   122.2   8.75   -3.14
A17N-H   124.0   8.38   2.08
K18N-H   122.8   8.99   5.41
N19N-H   115.3   9.05   3.16
T20N-H   116.3   7.96   3.03
A22N-H   124.6   8.50   NO_RDC
N23N-H   114.3   8.71   5.43
S24N-H   113.4   7.78   -0.17
M25N-H   118.9   8.86   3.65
I26N-H   124.3   8.83   2.36
M27N-H   125.4   8.90   4.68
T28N-H   116.2   6.94   3.59
K29N-H   126.3   8.62   4.14
L30N-H   127.9   8.58   5.04
S32N-H   111.4   7.83   3.95
V33N-H   118.6   8.79   NO_RDC
R34N-H   125.8   8.98   3.32
V35N-H   125.2   9.32   2.32
K36N-H   126.7   8.75   1.47
T37N-H   115.2   8.12   1.59
E38N-H   116.7   8.75   -2.24
G39N-H   113.1   9.33   -1.27
Y40N-H   118.6   8.03   NO_RDC
N41N-H   123.1   8.58   0.58
S43N-H   114.4   7.96   3.02
I44N-H   120.8   7.03   -1.2
N45N-H   124.5   8.52   NO_RDC
V46N-H   121.7   8.54   -4.2
N47N-H   116.6   8.16   -1.31
E48N-H   116.6   7.60   -4.42
L49N-H   121.0   7.09   0.42
F50N-H   116.8   7.87   2.88
A51N-H   124.4   8.76   1.09
Y52N-H   116.7   9.56   -1.15
V53N-H   109.3   7.94   1.05
D54N-H   122.7   9.38   4.83
L55N-H   125.8   8.69   2.91
S56N-H   117.3   8.38   -7.94
G57N-H   114.2   9.13   2.34
S58N-H   114.8   7.78   3.52
E59N-H   122.5   8.34   -0.09
G61N-H   110.8   8.86   2.77
E62N-H   121.5   8.26   NO_RDC
H63N-H   121.4   8.63   3.16
D64N-H   120.7   8.12   -2.87
Y65N-H   120.0   9.12   2.65
E66N-H   123.0   8.73   -0.11
V67N-H   126.9   8.03   3.16
K68N-H   127.5   8.81   -2.96
V69N-H   118.4   8.05   NO_RDC
E70N-H   128.4   8.59   1.39
I72N-H   126.0   8.96   NO_RDC
N74N-H   115.7   8.80   2.63
I75N-H   119.3   7.74   -5.92
K76N-H   127.3   8.84   -4.67
I77N-H   126.2   8.79   2.85
V78N-H   126.0   8.81   2.61
E79N-H   118.9   7.46   6.44
I80N-H   126.3   8.33   2.13
S81N-H   119.6   8.73   7.52
R83N-H   116.3   8.29   4.26
V84N-H   116.5   7.53   2.1
V85N-H   118.5   8.79   NO_RDC
T86N-H   123.2   8.62   NO_RDC
L87N-H   124.8   9.13   3.41
Q88N-H   120.9   8.36   1.75
L89N-H   128.9   8.81   9.04
E90N-H   122.4   8.85   2
H91N-H   121.2   9.23   3.09
H92N-H   121.7   8.26   3.27
