
ASS HN N RDC


X1N-H    103.452      8.546 -0.897
X2N-H    126.997      8.983 0.539
X3N-H    126.897      9.379 2.191
X4N-H    126.878      8.795 0.232
X5N-H    125.595      9.238 -0.485
X6N-H    125.264      9.172 0.351
X7N-H    124.480      9.448 -1.352
X8N-H    124.361      8.678 2.467
X9N-H    121.697      9.442 -1.364
X10N-H    121.646      8.810 1.222
X11N-H    119.748      8.645 NO_RDC
X12N-H    129.205      8.066 -0.076
X13N-H    126.592      8.138 -2.216
X14N-H    126.245      7.719 0.326
X15N-H    125.040      8.247 0.568
X16N-H    124.043      8.111 0.506
X17N-H    123.655      8.322 -1.496
X18N-H    122.576      8.309 1.148
X19N-H    122.506      8.351 -2.022
X20N-H    121.889      8.500  2.19
X21N-H    120.226      8.539 -1.341
X22N-H    118.366      8.351 -1.612
X23N-H    118.277      8.557 -3.055
X24N-H    117.800      8.586 -4.13
X25N-H    117.578      8.384 0.639
X26N-H    116.830      8.494 -0.643
X27N-H    120.025      8.303 -1.654
X28N-H    119.386      8.387 -3.764
X29N-H    120.701      8.253 -0.033
X30N-H    121.636      8.186 0.785
X31N-H    121.362      8.033 3.144
X32N-H    119.507      8.116 1.744
X33N-H    117.144      7.751 -0.133
X34N-H    116.763      7.881 -3.302
X35N-H    116.657      8.076 1.197
X36N-H    115.709      7.985 -1.61
X37N-H    115.504      7.880 NO_RDC
X38N-H    121.145      7.812 -4.851
X39N-H    120.439      7.859 -0.00800000000001
X40N-H    119.532      7.859 -1.83
X41N-H    121.576      7.564 1.737
X42N-H    121.432      7.365 -2.673
X43N-H    121.407      7.435 -3.786
X44N-H    119.976      7.530 -2.856
X45N-H    116.496      7.279 -3.221
X46N-H    115.652      7.209 -3.513
X47N-H    115.415      7.377 0.607
X48N-H    112.855      7.538 -4.125
X49N-H    115.527      8.345 -4.903
X50N-H    115.872      8.269 -5.371
X51N-H    115.527      8.207 -2.996
X52N-H    109.186      8.593 4.245
X53N-H    107.646      8.848 -1.58
X54N-H    108.417      8.383 0.398
X55N-H    103.508      8.787  0.71
X56N-H    127.197      9.158 1.915

