E A  Sequence               1    0.734  80.898  -1.986   0.003   0.003   0.994
E Q  Sequence               2    0.645 115.108   0.405   0.053   0.043   0.903
E S  Sequence               3    0.770  90.291  -0.044   0.053   0.043   0.903
E V  Sequence               4    0.331  50.936   0.729   0.113   0.043   0.844
E P  Sequence               5    0.520  73.816  -0.144   0.257   0.016   0.727
B W  Sequence               6    0.255  61.303  -0.042   0.430   0.016   0.555
B G  Sequence               7    0.250  19.683  -0.712   0.430   0.016   0.555
B I  Sequence               8    0.172  31.728   0.695   0.522   0.016   0.462
E S  Sequence               9    0.675  79.087   0.602   0.561   0.047   0.393
E R  Sequence              10    0.391  89.653   0.941   0.561   0.047   0.393
B V  Sequence              11    0.079  12.112  -0.090   0.278   0.093   0.628
E Q  Sequence              12    0.543  96.908   0.727   0.053   0.043   0.903
B A  Sequence              13    0.122  13.466   0.424   0.184   0.043   0.773
E P  Sequence              14    0.608  86.275   0.902   0.268   0.043   0.689
E A  Sequence              15    0.498  54.836   0.576   0.354   0.048   0.598
B A  Sequence              16    0.119  13.092  -1.623   0.455   0.046   0.498
B H  Sequence              17    0.224  40.691   0.310   0.354   0.048   0.598
E N  Sequence              18    0.639  93.506   0.351   0.268   0.043   0.689
E R  Sequence              19    0.458 104.905  -0.100   0.191   0.086   0.723
E G  Sequence              20    0.483  38.028  -1.734   0.053   0.043   0.903
E L  Sequence              21    0.334  61.210  -0.975   0.053   0.043   0.903
E T  Sequence              22    0.540  74.898  -0.693   0.018   0.019   0.964
B G  Sequence              23    0.290  22.792  -1.882   0.018   0.019   0.964
E S  Sequence              24    0.609  71.351   0.588   0.005   0.045   0.951
E G  Sequence              25    0.421  33.141   0.339   0.004   0.197   0.799
B V  Sequence              26    0.040   6.133   0.933   0.003   0.718   0.279
B K  Sequence              27    0.146  29.991   1.557   0.001   0.959   0.040
B V  Sequence              28    0.018   2.720   1.404   0.001   0.959   0.040
B A  Sequence              29    0.020   2.182   1.334   0.001   0.959   0.040
B V  Sequence              30    0.023   3.597   1.227   0.001   0.959   0.040
B L  Sequence              31    0.037   6.793   0.131   0.001   0.900   0.099
B D  Sequence              32    0.066   9.482  -0.586   0.004   0.420   0.576
B T  Sequence              33    0.110  15.202  -0.055   0.018   0.088   0.893
B G  Sequence              34    0.148  11.663  -1.333   0.018   0.088   0.893
B I  Sequence              35    0.079  14.689   0.408   0.018   0.047   0.935
E S  Sequence              36    0.386  45.274   0.082   0.018   0.047   0.935
E T  Sequence              37    0.513  71.153   0.604   0.058   0.017   0.925
B H  Sequence              38    0.129  23.501   0.648   0.115   0.016   0.868
E P  Sequence              39    0.646  91.611   0.620   0.257   0.016   0.727
E D  Sequence              40    0.307  44.296  -0.096   0.184   0.043   0.773
B L  Sequence              41    0.065  11.938   0.121   0.118   0.150   0.732
E N  Sequence              42    0.550  80.505   0.625   0.064   0.216   0.721
E I  Sequence              43    0.498  92.112  -1.095   0.066   0.296   0.638
E R  Sequence              44    0.294  67.303   0.925   0.021   0.451   0.528
E G  Sequence              45    0.371  29.190  -0.868   0.021   0.451   0.528
B G  Sequence              46    0.246  19.392  -1.183   0.021   0.451   0.528
B A  Sequence              47    0.282  31.087   0.196   0.022   0.359   0.619
B S  Sequence              48    0.220  25.796  -2.087   0.020   0.205   0.775
B F  Sequence              49    0.145  29.081  -0.110   0.021   0.279   0.699
B V  Sequence              50    0.149  22.917  -0.885   0.022   0.359   0.619
E P  Sequence              51    0.341  48.416  -1.132   0.019   0.141   0.840
E G  Sequence              52    0.560  44.072  -1.347   0.018   0.019   0.964
E E  Sequence              53    0.677 118.272  -1.907   0.003   0.003   0.994
E P  Sequence              54    0.663  94.066  -1.888   0.016   0.005   0.979
E S  Sequence              55    0.430  50.384  -0.625   0.018   0.019   0.964
E T  Sequence              56    0.333  46.173  -1.968   0.018   0.019   0.964
E Q  Sequence              57    0.515  92.015  -1.240   0.018   0.019   0.964
B D  Sequence              58    0.186  26.803  -1.326   0.018   0.019   0.964
E G  Sequence              59    0.429  33.739  -1.426   0.018   0.019   0.964
B N  Sequence              60    0.260  38.093  -0.866   0.018   0.019   0.964
B G  Sequence              61    0.142  11.215  -1.636   0.018   0.019   0.964
B H  Sequence              62    0.069  12.569   0.028   0.053   0.043   0.903
B G  Sequence              63    0.041   3.195  -0.713   0.118   0.150   0.732
B T  Sequence              64    0.043   5.936  -0.099   0.125   0.227   0.648
B H  Sequence              65    0.066  12.060   0.584   0.252   0.423   0.325
B V  Sequence              66    0.023   3.520   0.971   0.268   0.505   0.227
B A  Sequence              67    0.024   2.678   0.586   0.268   0.505   0.227
B G  Sequence              68    0.033   2.597  -1.002   0.172   0.690   0.138
B T  Sequence              69    0.030   4.203   0.448   0.085   0.775   0.140
B I  Sequence              70    0.025   4.680   0.605   0.085   0.775   0.140
B A  Sequence              71    0.028   3.097  -0.352   0.085   0.775   0.140
B A  Sequence              72    0.026   2.821  -0.842   0.023   0.655   0.322
B L  Sequence              73    0.216  39.568   0.542   0.022   0.359   0.619
E N  Sequence              74    0.406  59.365  -0.509   0.018   0.088   0.893
E N  Sequence              75    0.547  80.139  -1.117   0.018   0.019   0.964
E S  Sequence              76    0.682  79.895  -3.295   0.003   0.003   0.994
E I  Sequence              77    0.426  78.829  -1.197   0.005   0.045   0.951
E G  Sequence              78    0.291  22.886  -0.239   0.005   0.262   0.733
B V  Sequence              79    0.069  10.559  -0.313   0.003   0.718   0.279
B L  Sequence              80    0.115  21.130  -0.094   0.002   0.816   0.182
B G  Sequence              81    0.025   1.960  -1.781   0.001   0.900   0.099
B V  Sequence              82    0.045   6.901  -0.491   0.002   0.816   0.182
B A  Sequence              83    0.017   1.884   0.803   0.005   0.262   0.733
E P  Sequence              84    0.350  49.679   0.320   0.005   0.045   0.951
E S  Sequence              85    0.626  73.426   0.761   0.005   0.015   0.979
B A  Sequence              86    0.030   3.317   0.051   0.004   0.085   0.910
E E  Sequence              87    0.325  56.760   1.724   0.002   0.816   0.182
B L  Sequence              88    0.048   8.789  -0.432   0.001   0.959   0.040
B Y  Sequence              89    0.075  15.985   1.458   0.001   0.959   0.040
B A  Sequence              90    0.037   4.121  -0.621   0.001   0.959   0.040
B V  Sequence              91    0.025   3.904   1.057   0.001   0.959   0.040
B K  Sequence              92    0.171  35.175   0.789   0.001   0.959   0.040
B V  Sequence              93    0.032   4.857   0.028   0.001   0.900   0.099
B L  Sequence              94    0.056  10.327   0.314   0.004   0.616   0.381
B G  Sequence              95    0.141  11.089  -0.395   0.004   0.138   0.858
E A  Sequence              96    0.635  70.021  -1.736   0.003   0.003   0.994
E S  Sequence              97    0.655  76.754  -1.180   0.003   0.003   0.994
E G  Sequence              98    0.298  23.476  -2.451   0.005   0.015   0.979
E S  Sequence              99    0.418  48.978  -1.144   0.005   0.045   0.951
B G  Sequence             100    0.142  11.136  -2.510   0.005   0.045   0.951
E S  Sequence             101    0.324  37.949  -0.474   0.018   0.019   0.964
B V  Sequence             102    0.205  31.524  -0.976   0.858   0.002   0.139
E S  Sequence             103    0.367  43.024  -0.761   0.923   0.002   0.076
B S  Sequence             104    0.201  23.581  -0.060   0.970   0.001   0.030
B I  Sequence             105    0.038   7.067  -0.096   0.988   0.000   0.012
B A  Sequence             106    0.042   4.639  -0.499   0.988   0.000   0.012
E Q  Sequence             107    0.277  49.508   1.300   0.970   0.001   0.030
B G  Sequence             108    0.022   1.724   0.427   0.970   0.001   0.030
B L  Sequence             109    0.039   7.232   0.823   0.970   0.001   0.030
E E  Sequence             110    0.284  49.597   1.543   0.970   0.001   0.030
B W  Sequence             111    0.156  37.542   1.486   0.970   0.001   0.030
B A  Sequence             112    0.017   1.829   1.184   0.970   0.001   0.030
B G  Sequence             113    0.170  13.379   0.759   0.923   0.002   0.076
E N  Sequence             114    0.694 101.572   0.846   0.858   0.002   0.139
E N  Sequence             115    0.339  49.630   1.298   0.246   0.004   0.750
E G  Sequence             116    0.542  42.671   0.126   0.003   0.003   0.994
B M  Sequence             117    0.052  10.465   0.781   0.005   0.015   0.979
E H  Sequence             118    0.275  49.968   1.346   0.005   0.262   0.733
B V  Sequence             119    0.018   2.690   1.423   0.001   0.959   0.040
B A  Sequence             120    0.018   1.962   1.408   0.000   0.983   0.017
B N  Sequence             121    0.024   3.543   0.030   0.001   0.959   0.040
B L  Sequence             122    0.026   4.834   0.975   0.002   0.816   0.182
B S  Sequence             123    0.027   3.141  -0.856   0.005   0.336   0.660
B L  Sequence             124    0.078  14.337  -1.085   0.004   0.138   0.858
B G  Sequence             125    0.069   5.462  -2.933   0.005   0.045   0.951
B S  Sequence             126    0.207  24.284  -1.218   0.005   0.045   0.951
E P  Sequence             127    0.416  59.030  -1.792   0.005   0.015   0.979
E S  Sequence             128    0.446  52.224  -1.761   0.005   0.015   0.979
E P  Sequence             129    0.346  49.055  -0.981   0.016   0.005   0.979
B S  Sequence             130    0.204  23.909  -0.786   0.176   0.004   0.820
E A  Sequence             131    0.598  65.933   1.041   0.923   0.002   0.076
B T  Sequence             132    0.170  23.634   0.442   0.970   0.001   0.030
B L  Sequence             133    0.026   4.852   0.910   0.970   0.001   0.030
E E  Sequence             134    0.310  54.174   1.206   0.970   0.001   0.030
E Q  Sequence             135    0.413  73.851   2.002   0.970   0.001   0.030
B A  Sequence             136    0.028   3.119   0.569   0.970   0.001   0.030
B V  Sequence             137    0.027   4.135   0.884   0.970   0.001   0.030
E N  Sequence             138    0.442  64.680   2.234   0.970   0.001   0.030
E S  Sequence             139    0.285  33.343   2.027   0.970   0.001   0.030
B A  Sequence             140    0.020   2.226   0.863   0.970   0.001   0.030
B T  Sequence             141    0.244  33.843   0.992   0.858   0.002   0.139
E S  Sequence             142    0.721  84.466   0.700   0.600   0.003   0.397
E R  Sequence             143    0.365  83.585   1.275   0.016   0.005   0.979
E G  Sequence             144    0.335  26.388  -0.317   0.005   0.015   0.979
B V  Sequence             145    0.048   7.362   1.234   0.060   0.292   0.648
B L  Sequence             146    0.035   6.409   0.897   0.001   0.959   0.040
B V  Sequence             147    0.025   3.766   1.554   0.000   0.983   0.017
B V  Sequence             148    0.015   2.275   1.480   0.000   0.983   0.017
B A  Sequence             149    0.020   2.248   1.309   0.001   0.959   0.040
B A  Sequence             150    0.018   1.928   0.691   0.003   0.718   0.279
B S  Sequence             151    0.028   3.305  -0.213   0.005   0.262   0.733
B G  Sequence             152    0.075   5.918  -1.240   0.018   0.088   0.893
B N  Sequence             153    0.132  19.325  -0.626   0.018   0.047   0.935
B S  Sequence             154    0.314  36.766  -1.090   0.018   0.019   0.964
B G  Sequence             155    0.274  21.564  -1.525   0.016   0.005   0.979
E A  Sequence             156    0.541  59.596  -1.438   0.016   0.005   0.979
E G  Sequence             157    0.634  49.856  -2.538   0.003   0.003   0.994
E S  Sequence             158    0.299  35.066  -1.045   0.018   0.019   0.964
B I  Sequence             159    0.251  46.490  -0.974   0.018   0.047   0.935
B S  Sequence             160    0.315  36.953  -1.425   0.018   0.047   0.935
B Y  Sequence             161    0.172  36.842  -0.011   0.018   0.019   0.964
B P  Sequence             162    0.085  12.118  -0.939   0.058   0.017   0.925
B A  Sequence             163    0.087   9.565  -2.897   0.058   0.017   0.925
E R  Sequence             164    0.383  87.615  -0.218   0.058   0.017   0.925
B Y  Sequence             165    0.149  31.948   0.402   0.018   0.019   0.964
E A  Sequence             166    0.621  68.434  -0.481   0.018   0.019   0.964
B N  Sequence             167    0.233  34.082  -0.598   0.004   0.085   0.910
B A  Sequence             168    0.036   4.000  -0.126   0.004   0.616   0.381
B M  Sequence             169    0.033   6.643   0.565   0.001   0.900   0.099
B A  Sequence             170    0.034   3.736   0.069   0.001   0.959   0.040
B V  Sequence             171    0.018   2.813   1.285   0.001   0.959   0.040
B G  Sequence             172    0.039   3.101  -0.291   0.001   0.900   0.099
B A  Sequence             173    0.041   4.485  -1.141   0.003   0.718   0.279
B T  Sequence             174    0.072  10.028   0.032   0.004   0.514   0.481
B D  Sequence             175    0.164  23.575  -0.102   0.004   0.138   0.858
E Q  Sequence             176    0.551  98.480   0.155   0.018   0.047   0.935
E N  Sequence             177    0.650  95.131  -1.336   0.018   0.019   0.964
E N  Sequence             178    0.509  74.532  -1.751   0.016   0.005   0.979
E N  Sequence             179    0.454  66.510  -0.364   0.018   0.088   0.893
E R  Sequence             180    0.322  73.715   0.134   0.021   0.451   0.528
B A  Sequence             181    0.135  14.866  -0.200   0.021   0.451   0.528
E S  Sequence             182    0.350  41.067  -1.321   0.022   0.359   0.619
B F  Sequence             183    0.149  29.985  -1.200   0.020   0.205   0.775
B S  Sequence             184    0.034   3.973  -4.052   0.018   0.088   0.893
B Q  Sequence             185    0.238  42.560  -3.202   0.018   0.047   0.935
E Y  Sequence             186    0.293  62.657  -0.625   0.018   0.047   0.935
B G  Sequence             187    0.120   9.413  -3.055   0.005   0.015   0.979
E A  Sequence             188    0.403  44.433  -0.500   0.005   0.015   0.979
E G  Sequence             189    0.299  23.563   0.024   0.004   0.197   0.799
B L  Sequence             190    0.031   5.731   0.513   0.004   0.420   0.576
B D  Sequence             191    0.063   9.107  -0.004   0.003   0.718   0.279
B I  Sequence             192    0.017   3.071   1.331   0.001   0.900   0.099
B V  Sequence             193    0.031   4.795  -0.256   0.002   0.816   0.182
B A  Sequence             194    0.019   2.050   0.989   0.004   0.420   0.576
B P  Sequence             195    0.101  14.304  -0.303   0.004   0.138   0.858
B G  Sequence             196    0.103   8.098  -1.774   0.018   0.047   0.935
B V  Sequence             197    0.227  34.921  -1.260   0.018   0.088   0.893
B N  Sequence             198    0.244  35.795  -0.784   0.020   0.205   0.775
B V  Sequence             199    0.018   2.767   1.078   0.022   0.552   0.426
B Q  Sequence             200    0.127  22.718   0.512   0.021   0.756   0.223
B S  Sequence             201    0.031   3.657  -1.397   0.023   0.655   0.322
B T  Sequence             202    0.036   5.021  -2.192   0.021   0.451   0.528
B Y  Sequence             203    0.159  34.021  -0.131   0.021   0.451   0.528
B P  Sequence             204    0.155  21.924  -1.392   0.004   0.197   0.799
E G  Sequence             205    0.385  30.331  -1.368   0.005   0.045   0.951
E S  Sequence             206    0.558  65.398  -2.184   0.005   0.015   0.979
E T  Sequence             207    0.382  52.942  -1.891   0.005   0.045   0.951
E Y  Sequence             208    0.367  78.492  -1.071   0.021   0.279   0.699
B A  Sequence             209    0.152  16.706  -0.436   0.022   0.552   0.426
B S  Sequence             210    0.147  17.205  -0.366   0.023   0.655   0.322
B L  Sequence             211    0.054   9.814  -0.809   0.023   0.655   0.322
B N  Sequence             212    0.107  15.679  -1.227   0.022   0.359   0.619
B G  Sequence             213    0.033   2.621  -2.242   0.056   0.142   0.802
B T  Sequence             214    0.033   4.535  -0.364   0.199   0.152   0.649
B S  Sequence             215    0.028   3.328  -1.320   0.386   0.097   0.517
B M  Sequence             216    0.059  11.706  -0.426   0.622   0.015   0.363
B A  Sequence             217    0.026   2.810  -0.824   0.802   0.014   0.185
B T  Sequence             218    0.030   4.161   0.429   0.858   0.002   0.139
B P  Sequence             219    0.038   5.321  -0.822   0.923   0.002   0.076
B H  Sequence             220    0.090  16.426   0.527   0.970   0.001   0.030
B V  Sequence             221    0.033   5.011  -0.183   0.988   0.000   0.012
B A  Sequence             222    0.028   3.097   0.109   0.988   0.000   0.012
B G  Sequence             223    0.057   4.462  -0.425   0.988   0.000   0.012
B A  Sequence             224    0.041   4.474   0.256   0.988   0.000   0.012
B A  Sequence             225    0.038   4.199   0.176   0.988   0.000   0.012
B A  Sequence             226    0.032   3.504  -0.077   0.988   0.000   0.012
B L  Sequence             227    0.061  11.151   0.834   0.988   0.000   0.012
B V  Sequence             228    0.045   6.870   0.770   0.970   0.001   0.030
B K  Sequence             229    0.132  27.152   1.199   0.970   0.001   0.030
B Q  Sequence             230    0.197  35.202  -0.717   0.858   0.002   0.139
E K  Sequence             231    0.346  71.152   0.091   0.600   0.003   0.397
B N  Sequence             232    0.262  38.342   0.523   0.176   0.004   0.820
E P  Sequence             233    0.508  72.057  -1.228   0.016   0.005   0.979
E S  Sequence             234    0.783  91.814  -0.334   0.003   0.003   0.994
B W  Sequence             235    0.101  24.363   0.083   0.003   0.003   0.994
E S  Sequence             236    0.389  45.579   1.242   0.003   0.003   0.994
B N  Sequence             237    0.116  16.924  -0.944   0.970   0.001   0.030
E V  Sequence             238    0.622  95.632   0.847   0.970   0.001   0.030
E Q  Sequence             239    0.357  63.832   1.964   0.970   0.001   0.030
B I  Sequence             240    0.021   3.903   1.098   0.970   0.001   0.030
B R  Sequence             241    0.164  37.602   1.584   0.988   0.000   0.012
E N  Sequence             242    0.511  74.796   1.814   0.970   0.001   0.030
B H  Sequence             243    0.174  31.596   2.372   0.988   0.000   0.012
B L  Sequence             244    0.018   3.241   1.329   0.988   0.000   0.012
E K  Sequence             245    0.321  66.112   1.931   0.970   0.001   0.030
E N  Sequence             246    0.593  86.888   1.227   0.923   0.002   0.076
B T  Sequence             247    0.162  22.456   0.568   0.858   0.002   0.139
B A  Sequence             248    0.023   2.557  -0.522   0.406   0.004   0.590
E T  Sequence             249    0.440  61.042   1.211   0.257   0.016   0.727
E S  Sequence             250    0.625  73.262   0.441   0.257   0.016   0.727
B L  Sequence             251    0.226  41.472   0.002   0.115   0.016   0.868
E G  Sequence             252    0.466  36.674  -1.055   0.016   0.005   0.979
E S  Sequence             253    0.513  60.088  -0.885   0.016   0.005   0.979
E T  Sequence             254    0.585  81.126  -0.805   0.016   0.005   0.979
E N  Sequence             255    0.530  77.548  -1.322   0.018   0.019   0.964
E L  Sequence             256    0.438  80.234  -0.607   0.018   0.047   0.935
B Y  Sequence             257    0.197  42.184   0.302   0.018   0.047   0.935
B G  Sequence             258    0.069   5.430  -4.550   0.056   0.142   0.802
B S  Sequence             259    0.214  25.104  -0.132   0.125   0.227   0.648
B G  Sequence             260    0.089   7.004  -2.617   0.135   0.317   0.548
B L  Sequence             261    0.137  25.140   1.129   0.148   0.418   0.435
B V  Sequence             262    0.045   6.993   0.429   0.148   0.418   0.435
B N  Sequence             263    0.190  27.875   0.829   0.199   0.152   0.649
B A  Sequence             264    0.038   4.177  -0.493   0.879   0.010   0.111
E E  Sequence             265    0.310  54.140   0.623   0.879   0.010   0.111
E A  Sequence             266    0.389  42.835   0.964   0.802   0.014   0.185
B A  Sequence             267    0.085   9.323  -1.808   0.802   0.014   0.185
B T  Sequence             268    0.161  22.372  -0.383   0.622   0.015   0.363
E R  Sequence             269    0.762 174.567   1.542   0.016   0.005   0.979
