    1    38   1.0000
    1    39   1.0000
    1    68   0.5000
    1    69   0.2500
    2    37   0.7500
    2    38   1.0000
    2    67   1.0000
    2    68   0.5000
    2    69   0.2500
    3    36   0.7500
    3    37   1.0000
    3    65   1.0000
    3    66   1.0000
    3    67   0.7500
    4    35   1.0000
    4    36   1.0000
    4    64   1.0000
    4    65   1.0000
    5    34   1.0000
    5    35   1.0000
    5    36   0.2500
    5    63   1.0000
    5    64   1.0000
    6    33   0.5000
    6    34   1.0000
    6    62   0.7500
    6    63   1.0000
    7    33   1.0000
    7    61   1.0000
    7    62   1.0000
    8    60   1.0000
    8    61   1.0000
    9    15   0.5000
    9    60   1.0000
   23    28   0.5000
   25    37   0.7500
   25    38   0.2500
   26    35   0.2500
   26    36   1.0000
   26    37   1.0000
   26    38   0.2500
   28    35   0.7500
   28    36   1.0000
   28    37   0.2500
   29    35   1.0000
   30    35   1.0000
   30    82   0.2500
   30    83   0.2500
   31    82   0.5000
   32    82   0.2500
   39    44   1.0000
   70    75   0.1500
   71    76   0.0500
   72    77   0.0500
   81    86   0.0500
