81 82 0 8 2286.448975
27 28 0 8 2281.115967
77 78 0 8 1884.524048
69 70 0 8 1858.761475
72 73 0 8 1803.341309
3 4 0 8 1643.916382
75 76 0 8 1641.106812
70 71 0 8 1556.927734
65 66 0 8 1550.778564
1 2 0 8 1536.662720
66 67 0 8 1395.167236
78 79 0 8 1353.076294
77 79 0 8 1342.257446
62 63 0 8 1340.001343
71 72 0 8 1331.339722
75 78 0 8 1308.518677
76 78 0 8 1304.104858
75 77 0 8 1296.956177
76 77 0 8 1292.400635
80 81 0 8 1230.760010
74 75 0 8 1196.698486
74 76 0 8 1192.058105
2 3 0 8 1179.415527
67 68 0 8 1141.604980
63 64 0 8 1119.749634
69 71 0 8 1117.254272
62 64 0 8 1112.007812
73 74 0 8 1046.475586
65 67 0 8 1029.707275
71 73 0 8 1017.006287
68 69 0 8 1002.028381
58 59 0 8 994.456177
70 72 0 8 972.947693
60 61 0 8 971.241882
75 79 0 8 967.100403
76 79 0 8 962.715820
64 65 0 8 962.196533
61 62 0 8 947.211182
72 74 0 8 916.756531
54 55 0 8 888.620789
74 78 0 8 888.051514
51 52 0 8 885.875305
55 56 0 8 884.527283
50 51 0 8 884.392578
74 77 0 8 876.580872
51 53 0 8 871.904175
50 52 0 8 862.772522
52 53 0 8 850.619324
50 53 0 8 848.997742
79 80 0 8 836.967224
61 63 0 8 782.207581
60 62 0 8 773.256042
64 66 0 8 771.280518
61 64 0 8 753.909790
70 73 0 8 749.547058
56 57 0 8 733.982483
49 51 0 8 687.158936
59 60 0 8 682.416504
74 79 0 8 669.085876
49 52 0 8 666.002563
49 50 0 8 664.401428
49 53 0 8 652.668457
56 58 0 8 642.215759
60 63 0 8 628.280762
73 75 0 8 608.599060
73 76 0 8 603.996765
69 72 0 8 601.727112
60 64 0 8 601.082886
62 65 0 8 596.594727
56 59 0 8 592.909729
57 59 0 8 592.788818
48 49 0 8 568.955811
63 65 0 8 566.206360
71 74 0 8 563.418152
53 54 0 8 559.716980
51 54 0 8 554.687561
45 47 0 8 543.292297
44 47 0 8 541.811279
46 47 0 8 541.188904
10 11 0 8 541.186462
43 47 0 8 540.020630
42 47 0 8 539.741943
72 75 0 8 533.433533
52 54 0 8 533.005188
55 58 0 8 531.390198
50 54 0 8 531.367126
69 73 0 8 529.122437
72 76 0 8 528.771484
64 67 0 8 524.304749
44 45 0 8 523.218018
45 46 0 8 522.419495
43 45 0 8 521.105713
42 45 0 8 520.826416
44 46 0 8 520.731750
62 66 0 8 520.186646
57 60 0 8 520.154114
43 44 0 8 519.383179
42 44 0 8 519.148682
43 46 0 8 518.555054
42 46 0 8 518.298828
42 43 0 8 516.886108
58 65 0 8 493.449829
66 68 0 8 487.343231
59 61 0 8 479.840973
63 66 0 8 459.313965
48 51 0 8 458.888519
26 27 0 8 454.270325
58 60 0 8 443.891815
68 70 0 8 441.953033
80 82 0 8 440.314362
48 52 0 8 438.904816
48 50 0 8 437.414062
48 53 0 8 427.695374
57 58 0 8 425.347839
56 60 0 8 410.603363
73 78 0 8 403.957550
55 59 0 8 401.984375
62 67 0 8 401.289856
49 54 0 8 398.194336
73 77 0 8 392.539459
57 61 0 8 384.603180
72 78 0 8 383.960449
72 77 0 8 372.481934
63 67 0 8 363.679199
4 5 0 8 358.112396
61 65 0 8 357.764496
65 68 0 8 356.404022
58 66 0 8 341.757294
70 74 0 8 341.461273
71 75 0 8 339.876801
71 76 0 8 335.223083
59 62 0 8 319.223175
79 81 0 8 314.134125
55 60 0 8 306.376282
77 80 0 8 301.316071
78 80 0 8 300.650482
7 8 0 8 298.357422
8 9 0 8 297.185730
7 9 0 8 295.912262
8 12 0 8 288.368103
7 12 0 8 286.799622
54 56 0 8 286.496002
51 55 0 8 285.537140
9 12 0 8 285.241608
6 8 0 8 284.372284
6 7 0 8 282.633850
6 9 0 8 280.914948
53 55 0 8 278.938690
79 82 0 8 278.732849
8 11 0 8 274.526611
7 11 0 8 272.638245
10 30 0 8 271.611755
9 11 0 8 270.838074
6 12 0 8 268.405548
5 8 0 8 266.110382
5 7 0 8 264.339050
59 63 0 8 263.115479
52 55 0 8 262.513031
5 9 0 8 262.473755
50 55 0 8 260.015808
61 66 0 8 258.583679
11 12 0 8 257.097321
73 79 0 8 254.813248
28 67 0 8 252.514145
6 11 0 8 251.535324
54 58 0 8 249.439804
5 12 0 8 249.102997
60 65 0 8 247.960785
48 54 0 8 246.639694
72 79 0 8 246.372940
53 56 0 8 245.579956
51 56 0 8 245.124680
5 6 0 8 242.936554
9 10 0 8 242.820877
8 10 0 8 240.944565
47 48 0 8 238.982651
7 10 0 8 238.668060
5 11 0 8 237.443314
3 5 0 8 235.446152
56 61 0 8 234.352997
30 59 0 8 231.689514
69 74 0 8 228.682968
57 62 0 8 224.163895
68 71 0 8 224.139587
52 56 0 8 223.228531
1 3 0 8 222.578430
10 12 0 8 221.840561
26 81 0 8 221.546890
59 64 0 8 221.346420
50 56 0 8 221.096054
2 54 0 8 218.452744
45 48 0 8 215.019577
44 48 0 8 213.796661
43 48 0 8 213.616425
46 48 0 8 212.671082
6 10 0 8 212.303604
57 63 0 8 211.368820
71 78 0 8 210.167633
42 48 0 8 209.936172
54 59 0 8 208.459503
5 10 0 8 207.080521
75 80 0 8 201.441879
1 27 0 8 200.496277
61 67 0 8 199.627136
71 77 0 8 198.560852
55 61 0 8 194.852036
67 70 0 8 192.998123
76 80 0 8 192.866302
54 60 0 8 182.224182
67 69 0 8 180.865738
58 61 0 8 179.803818
64 68 0 8 178.854218
62 68 0 8 177.596466
60 66 0 8 174.646317
2 26 0 8 174.537964
49 55 0 8 172.696121
4 68 0 8 172.033661
10 13 0 8 168.769836
49 56 0 8 161.992233
1 69 0 8 160.519775
68 80 0 8 159.471252
55 80 0 8 155.583481
56 62 0 8 155.171707
1 47 0 8 147.330460
4 28 0 8 145.807907
1 43 0 8 138.972183
27 67 0 8 136.982590
4 6 0 8 136.132126
13 26 0 8 135.142975
74 80 0 8 134.745056
26 30 0 8 132.419815
1 46 0 8 131.392990
26 28 0 8 129.964325
1 44 0 8 128.997833
5 27 0 8 128.816284
71 79 0 8 127.638283
1 42 0 8 127.345322
1 45 0 8 124.874443
11 26 0 8 123.849754
70 75 0 8 120.458755
56 63 0 8 117.047493
4 69 0 8 117.037773
13 30 0 8 116.369759
70 76 0 8 115.547241
4 8 0 8 113.235245
13 27 0 8 112.730095
4 7 0 8 110.370232
4 9 0 8 108.147217
63 68 0 8 107.228043
47 49 0 8 106.481613
55 62 0 8 104.988480
48 55 0 8 102.481468
10 59 0 8 101.131149
49 58 0 8 100.822151
4 10 0 8 99.860580
57 64 0 8 98.117798
48 56 0 8 96.985855
5 80 0 8 96.402802
28 37 0 8 96.301964
3 28 0 8 94.400604
4 26 0 8 94.094147
2 4 0 8 93.443275
1 11 0 8 93.181824
51 58 0 8 90.581177
78 81 0 8 90.262398
60 67 0 8 90.173988
56 64 0 8 90.097549
53 58 0 8 89.923798
46 49 0 8 89.418144
2 68 0 8 87.961205
4 12 0 8 87.611580
52 58 0 8 87.433434
54 61 0 8 85.894440
42 49 0 8 82.912270
55 63 0 8 82.489952
4 70 0 8 82.218300
8 80 0 8 81.466881
45 49 0 8 81.374763
4 11 0 8 81.191223
77 81 0 8 81.116417
44 49 0 8 80.764511
7 80 0 8 78.503517
9 80 0 8 78.037880
27 37 0 8 77.746796
2 23 0 8 76.316727
27 40 0 8 76.246544
43 49 0 8 76.159248
28 66 0 8 74.018112
51 57 0 8 72.341576
47 51 0 8 72.094879
50 58 0 8 69.038261
56 65 0 8 68.094101
78 82 0 8 63.938427
47 52 0 8 62.911621
3 25 0 8 62.584888
3 23 0 8 61.723946
51 60 0 8 60.449772
53 60 0 8 60.427700
30 82 0 8 60.168541
12 80 0 8 59.573925
16 27 0 8 59.236504
20 28 0 8 59.118980
61 68 0 8 58.883274
47 50 0 8 58.666431
49 60 0 8 58.588787
13 15 0 8 58.543739
21 28 0 8 57.922005
3 6 0 8 57.479919
3 38 0 8 56.954498
47 53 0 8 55.691925
27 39 0 8 55.670918
15 81 0 8 55.310150
4 16 0 8 54.947224
24 80 0 8 54.559532
46 51 0 8 54.397678
27 48 0 8 54.298164
13 32 0 8 54.044312
23 26 0 8 53.985046
1 20 0 8 53.818172
4 17 0 8 53.498745
13 82 0 8 53.480598
11 82 0 8 53.140381
2 20 0 8 52.805691
77 82 0 8 52.575020
13 29 0 8 52.270351
53 57 0 8 51.996704
9 27 0 8 51.465736
19 26 0 8 51.381054
26 29 0 8 51.285988
4 21 0 8 51.105743
27 64 0 8 50.963058
1 71 0 8 50.953423
3 9 0 8 50.357517
3 8 0 8 50.188206
24 57 0 8 50.138943
2 39 0 8 49.389606
11 13 0 8 49.343239
14 27 0 8 48.956341
44 51 0 8 48.917999
3 7 0 8 48.711617
72 80 0 8 48.656437
69 80 0 8 48.615368
13 80 0 8 48.510750
70 78 0 8 48.477997
2 38 0 8 48.185654
58 67 0 8 47.382645
45 51 0 8 47.354939
50 60 0 8 46.847931
37 82 0 8 46.745476
12 27 0 8 46.483948
2 40 0 8 46.352551
42 51 0 8 46.305401
23 68 0 8 46.289600
54 63 0 8 45.756653
6 80 0 8 45.738796
52 57 0 8 44.553524
8 27 0 8 44.217625
7 27 0 8 44.130188
46 50 0 8 43.704315
43 51 0 8 43.569603
15 26 0 8 43.267258
19 82 0 8 43.245419
50 57 0 8 43.244762
23 28 0 8 43.108261
2 19 0 8 43.050079
38 41 0 8 42.872467
13 19 0 8 42.650822
46 52 0 8 42.647614
28 36 0 8 42.623116
27 38 0 8 42.353416
53 59 0 8 42.152000
30 81 0 8 41.317993
2 25 0 8 41.310760
1 7 0 8 41.285660
44 52 0 8 41.251965
6 27 0 8 40.992191
1 9 0 8 40.889339
21 57 0 8 40.796257
3 16 0 8 40.632526
26 68 0 8 40.404026
34 68 0 8 40.353737
42 52 0 8 40.206425
46 53 0 8 40.164276
67 71 0 8 40.066002
28 32 0 8 39.874119
52 60 0 8 39.430069
11 30 0 8 38.943970
45 52 0 8 38.738842
3 12 0 8 38.341576
50 59 0 8 37.988983
38 57 0 8 37.844887
27 30 0 8 37.774124
10 19 0 8 37.604172
21 41 0 8 37.413845
37 81 0 8 37.391163
2 17 0 8 37.347775
13 16 0 8 37.336044
14 80 0 8 37.199261
38 68 0 8 37.166229
70 77 0 8 36.400799
3 41 0 8 36.365524
3 34 0 8 36.288963
32 82 0 8 36.263031
24 28 0 8 36.106319
43 52 0 8 35.597694
44 50 0 8 35.405102
19 81 0 8 35.150925
28 38 0 8 34.947205
21 26 0 8 34.699348
4 34 0 8 34.677486
25 57 0 8 34.066650
22 28 0 8 34.062119
2 29 0 8 33.986225
13 38 0 8 33.778778
3 21 0 8 33.640659
1 22 0 8 33.319260
54 57 0 8 33.263397
40 82 0 8 33.193253
13 28 0 8 33.022186
27 36 0 8 32.718685
45 50 0 8 32.703312
21 38 0 8 32.677628
28 40 0 8 32.639729
42 50 0 8 32.574459
44 53 0 8 32.546730
6 34 0 8 32.090454
4 40 0 8 31.806044
13 21 0 8 31.798214
16 26 0 8 31.651781
13 40 0 8 31.625338
51 59 0 8 31.443424
27 66 0 8 31.371574
2 14 0 8 30.903616
21 27 0 8 30.887163
41 80 0 8 30.853058
16 41 0 8 30.596857
1 14 0 8 30.347956
2 41 0 8 30.211367
16 38 0 8 30.169807
45 53 0 8 30.012266
58 62 0 8 29.985670
1 18 0 8 29.972628
24 82 0 8 29.955063
21 82 0 8 29.649881
13 59 0 8 29.618156
21 25 0 8 29.606110
43 50 0 8 29.408825
48 58 0 8 29.383165
2 21 0 8 29.202494
2 10 0 8 29.004036
20 27 0 8 28.520037
1 19 0 8 28.406410
21 80 0 8 28.390947
21 40 0 8 28.304394
1 15 0 8 28.280943
12 30 0 8 28.277464
42 53 0 8 28.107382
1 24 0 8 27.915188
3 20 0 8 27.907602
38 40 0 8 27.679071
13 41 0 8 27.643986
4 24 0 8 27.611916
27 45 0 8 27.519682
14 38 0 8 27.433105
4 14 0 8 27.317223
16 82 0 8 27.315886
10 21 0 8 27.154297
36 82 0 8 27.128119
40 41 0 8 26.920088
21 24 0 8 26.747898
55 64 0 8 26.679764
24 38 0 8 26.361187
11 80 0 8 26.079477
23 27 0 8 26.078894
25 38 0 8 25.806931
76 82 0 8 25.799128
10 29 0 8 25.636396
14 48 0 8 25.586937
16 21 0 8 25.578400
4 80 0 8 25.553011
5 13 0 8 25.488739
4 22 0 8 25.271721
13 36 0 8 25.012695
38 82 0 8 24.958954
26 34 0 8 24.910404
5 67 0 8 24.784578
25 40 0 8 24.673176
2 28 0 8 24.556465
66 70 0 8 24.505182
5 28 0 8 24.348843
16 20 0 8 24.271284
26 38 0 8 24.222891
21 36 0 8 24.191742
1 37 0 8 24.175941
25 41 0 8 24.012520
25 80 0 8 23.986380
14 36 0 8 23.982840
19 30 0 8 23.937653
16 40 0 8 23.773617
14 21 0 8 23.755821
43 53 0 8 23.700766
2 36 0 8 23.653326
32 38 0 8 23.534832
22 27 0 8 23.457403
19 58 0 8 23.451231
19 29 0 8 23.421738
25 81 0 8 23.415577
4 25 0 8 23.367704
1 21 0 8 23.356512
36 40 0 8 23.314379
4 41 0 8 23.296040
16 23 0 8 23.269075
24 81 0 8 23.186323
25 82 0 8 23.103291
15 30 0 8 22.981228
28 30 0 8 22.976000
40 43 0 8 22.919729
14 18 0 8 22.908478
41 57 0 8 22.818256
23 41 0 8 22.800039
19 27 0 8 22.776901
18 41 0 8 22.765099
10 26 0 8 22.742298
24 41 0 8 22.681530
75 81 0 8 22.665014
1 25 0 8 22.584303
36 68 0 8 22.576317
33 82 0 8 22.447186
11 19 0 8 22.397760
27 32 0 8 22.327185
26 32 0 8 22.219574
16 68 0 8 22.030693
40 44 0 8 22.029917
23 25 0 8 21.966803
3 14 0 8 21.822250
16 25 0 8 21.758327
16 57 0 8 21.748314
1 8 0 8 21.634071
39 81 0 8 21.334442
24 27 0 8 21.056170
58 63 0 8 21.006424
13 25 0 8 20.959118
20 36 0 8 20.947187
30 80 0 8 20.923201
19 28 0 8 20.845560
32 41 0 8 20.761971
36 38 0 8 20.732042
3 32 0 8 20.699369
16 80 0 8 20.655249
36 41 0 8 20.516565
9 81 0 8 20.512255
26 36 0 8 20.502598
2 24 0 8 20.450474
19 41 0 8 20.432266
14 41 0 8 20.400480
13 23 0 8 20.389177
17 38 0 8 20.338900
24 25 0 8 20.336868
18 21 0 8 20.322668
25 36 0 8 20.287678
25 27 0 8 20.205986
25 39 0 8 20.162514
9 30 0 8 20.144949
1 33 0 8 20.120443
20 38 0 8 20.019005
23 38 0 8 19.984711
25 26 0 8 19.888521
2 30 0 8 19.787294
41 82 0 8 19.634647
14 25 0 8 19.617945
28 41 0 8 19.615257
3 19 0 8 19.588814
75 82 0 8 19.353376
13 18 0 8 19.241571
22 71 0 8 19.220873
16 39 0 8 19.169050
12 15 0 8 19.079659
39 41 0 8 19.059826
16 18 0 8 18.907026
29 61 0 8 18.888065
39 43 0 8 18.877272
21 23 0 8 18.718901
6 30 0 8 18.713406
6 24 0 8 18.666195
39 40 0 8 18.613121
13 14 0 8 18.608627
6 15 0 8 18.510567
20 24 0 8 18.342947
13 20 0 8 18.253698
17 25 0 8 18.177052
20 25 0 8 18.118370
10 15 0 8 17.965200
14 16 0 8 17.935497
9 15 0 8 17.926260
36 48 0 8 17.830273
2 43 0 8 17.816217
16 36 0 8 17.794531
17 41 0 8 17.787642
38 39 0 8 17.755127
76 81 0 8 17.675591
1 31 0 8 17.592365
12 13 0 8 17.494450
1 35 0 8 17.415075
35 56 0 8 17.395845
40 45 0 8 17.309229
16 24 0 8 17.241665
19 21 0 8 17.216677
8 15 0 8 17.197725
3 36 0 8 17.169138
7 15 0 8 17.123835
17 21 0 8 16.950626
5 30 0 8 16.866367
6 21 0 8 16.865532
6 41 0 8 16.816450
24 36 0 8 16.792891
35 82 0 8 16.686331
14 24 0 8 16.619116
30 32 0 8 16.493984
14 20 0 8 16.492271
29 30 0 8 16.476763
40 42 0 8 16.383923
18 25 0 8 16.369488
16 19 0 8 16.363506
31 82 0 8 16.362959
40 46 0 8 16.348703
8 81 0 8 16.293751
10 16 0 8 16.225483
41 44 0 8 16.028358
55 57 0 8 16.001877
14 19 0 8 16.000561
16 32 0 8 15.944512
41 48 0 8 15.929188
32 36 0 8 15.850783
13 22 0 8 15.814650
13 34 0 8 15.784183
17 27 0 8 15.741580
12 34 0 8 15.715972
19 38 0 8 15.714968
18 38 0 8 15.683839
17 24 0 8 15.658190
32 69 0 8 15.573335
27 34 0 8 15.546184
48 60 0 8 15.505022
26 41 0 8 15.458427
29 82 0 8 15.437367
12 37 0 8 15.381350
24 30 0 8 15.367411
22 26 0 8 15.304998
3 17 0 8 15.246966
13 45 0 8 15.219549
25 28 0 8 15.182016
39 44 0 8 15.169556
4 18 0 8 15.127783
15 82 0 8 15.123883
38 42 0 8 15.101576
38 45 0 8 15.056524
17 36 0 8 15.028722
24 32 0 8 14.967629
14 40 0 8 14.958999
1 12 0 8 14.861841
5 15 0 8 14.810475
1 82 0 8 14.782714
28 65 0 8 14.779901
23 40 0 8 14.777909
1 30 0 8 14.655668
11 24 0 8 14.584797
1 13 0 8 14.569840
35 79 0 8 14.547490
41 46 0 8 14.525811
1 34 0 8 14.506402
20 59 0 8 14.482631
30 40 0 8 14.467675
20 41 0 8 14.464757
21 32 0 8 14.453560
19 25 0 8 14.448796
27 35 0 8 14.393044
20 21 0 8 14.307770
20 23 0 8 14.258371
40 81 0 8 14.234879
18 20 0 8 14.176701
23 30 0 8 14.133012
2 22 0 8 13.993659
20 26 0 8 13.968728
18 24 0 8 13.754878
38 43 0 8 13.645722
19 23 0 8 13.633236
18 64 0 8 13.581406
21 48 0 8 13.577540
11 27 0 8 13.525313
14 32 0 8 13.406511
23 39 0 8 13.389977
16 67 0 8 13.389734
38 44 0 8 13.354631
20 40 0 8 13.340444
23 24 0 8 13.318969
23 36 0 8 13.302073
3 22 0 8 13.294932
31 58 0 8 13.292798
6 32 0 8 13.283807
16 17 0 8 13.222683
37 41 0 8 13.167862
5 37 0 8 13.154202
6 38 0 8 13.139221
17 19 0 8 13.126203
34 58 0 8 13.027435
10 25 0 8 13.005756
25 32 0 8 12.904136
19 24 0 8 12.869189
32 46 0 8 12.814736
2 32 0 8 12.733375
52 59 0 8 12.686303
54 62 0 8 12.676904
6 37 0 8 12.602204
17 23 0 8 12.550758
26 35 0 8 12.544233
3 37 0 8 12.539243
19 40 0 8 12.501830
38 48 0 8 12.497617
26 82 0 8 12.420738
11 21 0 8 12.360594
20 39 0 8 12.309786
24 43 0 8 12.304862
10 28 0 8 12.280455
17 68 0 8 12.264890
7 37 0 8 12.264858
22 82 0 8 12.249793
39 82 0 8 12.213322
26 37 0 8 12.188322
24 37 0 8 12.144022
24 40 0 8 12.141950
38 67 0 8 12.131968
18 23 0 8 12.115322
19 20 0 8 12.103808
17 58 0 8 12.014409
2 34 0 8 12.014245
17 40 0 8 12.009686
24 26 0 8 11.988586
29 36 0 8 11.980468
41 68 0 8 11.956161
21 68 0 8 11.912787
19 68 0 8 11.776306
39 45 0 8 11.751412
18 40 0 8 11.747672
34 41 0 8 11.695349
36 49 0 8 11.677852
39 48 0 8 11.662563
14 28 0 8 11.656633
1 17 0 8 11.544621
22 25 0 8 11.488134
68 81 0 8 11.459333
1 23 0 8 11.442552
16 37 0 8 11.422709
17 39 0 8 11.376907
34 38 0 8 11.351831
2 75 0 8 11.337970
41 42 0 8 11.288756
36 39 0 8 11.201327
21 43 0 8 11.155189
11 29 0 8 11.125120
5 16 0 8 11.123529
24 42 0 8 11.093225
11 16 0 8 11.069390
10 14 0 8 11.044638
14 17 0 8 10.961989
17 18 0 8 10.929941
3 39 0 8 10.900298
10 24 0 8 10.899913
70 79 0 8 10.890098
18 19 0 8 10.887979
10 41 0 8 10.885720
32 40 0 8 10.836782
31 73 0 8 10.826818
19 36 0 8 10.824439
37 39 0 8 10.739956
11 15 0 8 10.727384
32 39 0 8 10.722607
21 22 0 8 10.713981
3 26 0 8 10.641726
34 37 0 8 10.593692
39 46 0 8 10.579131
20 45 0 8 10.570237
11 32 0 8 10.569250
24 48 0 8 10.502703
28 34 0 8 10.473539
18 39 0 8 10.468464
20 58 0 8 10.454281
17 57 0 8 10.449887
21 34 0 8 10.448712
26 39 0 8 10.379265
6 16 0 8 10.288485
32 44 0 8 10.277190
14 26 0 8 10.236541
2 76 0 8 10.231930
1 29 0 8 10.218830
16 46 0 8 10.177407
22 81 0 8 10.172504
13 39 0 8 10.148812
17 80 0 8 10.089518
20 37 0 8 10.051604
14 61 0 8 10.033605
8 34 0 8 10.028519
13 17 0 8 10.012561
14 39 0 8 9.980234
18 36 0 8 9.949253
10 32 0 8 9.945470
32 42 0 8 9.943223
25 37 0 8 9.891911
37 38 0 8 9.827553
24 39 0 8 9.757505
26 31 0 8 9.742366
11 14 0 8 9.727626
7 34 0 8 9.671588
8 30 0 8 9.637097
21 30 0 8 9.588705
11 41 0 8 9.588435
28 29 0 8 9.578915
7 30 0 8 9.573907
16 22 0 8 9.565545
3 40 0 8 9.560512
14 23 0 8 9.496794
22 38 0 8 9.494364
5 66 0 8 9.474453
14 82 0 8 9.435440
16 30 0 8 9.424814
18 82 0 8 9.380885
1 41 0 8 9.370383
34 57 0 8 9.332561
20 48 0 8 9.312915
14 22 0 8 9.297456
10 18 0 8 9.291312
14 43 0 8 9.258602
9 34 0 8 9.235990
23 37 0 8 9.176733
12 39 0 8 8.981209
11 37 0 8 8.945762
8 37 0 8 8.933037
36 37 0 8 8.909925
39 47 0 8 8.901736
27 59 0 8 8.894540
25 34 0 8 8.886957
12 24 0 8 8.874573
1 55 0 8 8.825979
21 37 0 8 8.799442
4 36 0 8 8.756618
12 21 0 8 8.739134
6 25 0 8 8.736820
12 17 0 8 8.735859
35 80 0 8 8.733182
18 57 0 8 8.692239
12 19 0 8 8.598330
32 34 0 8 8.595634
20 43 0 8 8.544516
39 42 0 8 8.528534
14 34 0 8 8.508153
22 24 0 8 8.493032
30 41 0 8 8.469463
24 46 0 8 8.422593
41 45 0 8 8.400330
19 32 0 8 8.396389
21 44 0 8 8.373930
22 41 0 8 8.360195
37 69 0 8 8.356604
15 80 0 8 8.346121
25 68 0 8 8.316224
33 81 0 8 8.307104
24 45 0 8 8.280307
21 39 0 8 8.242935
36 45 0 8 8.238893
17 20 0 8 8.188769
18 26 0 8 8.175856
32 43 0 8 8.114561
12 41 0 8 8.108382
1 40 0 8 8.064291
35 59 0 8 8.045947
38 46 0 8 8.026053
20 46 0 8 8.002821
41 43 0 8 7.996236
2 48 0 8 7.970290
13 24 0 8 7.941977
10 37 0 8 7.899074
22 23 0 8 7.894562
27 31 0 8 7.881704
20 32 0 8 7.864213
16 48 0 8 7.808887
5 25 0 8 7.795995
5 17 0 8 7.794394
19 39 0 8 7.788566
37 57 0 8 7.729405
9 37 0 8 7.662706
39 68 0 8 7.654443
17 26 0 8 7.650866
22 40 0 8 7.641448
16 34 0 8 7.640663
32 68 0 8 7.588870
18 22 0 8 7.579466
24 34 0 8 7.514957
3 64 0 8 7.502111
31 71 0 8 7.446887
29 40 0 8 7.429600
39 49 0 8 7.417309
6 18 0 8 7.407623
15 34 0 8 7.394675
37 40 0 8 7.389004
18 48 0 8 7.375010
22 39 0 8 7.367201
7 81 0 8 7.316566
3 18 0 8 7.306520
26 59 0 8 7.263711
5 22 0 8 7.227660
34 39 0 8 7.209867
22 36 0 8 7.206145
15 19 0 8 7.191591
17 22 0 8 7.154774
36 42 0 8 7.131232
11 17 0 8 7.125448
36 46 0 8 7.105403
35 54 0 8 7.100680
1 36 0 8 7.035759
1 10 0 8 7.030549
23 59 0 8 7.030163
39 53 0 8 7.003259
22 80 0 8 6.938716
34 40 0 8 6.925394
12 32 0 8 6.912447
6 39 0 8 6.842444
4 37 0 8 6.803360
34 70 0 8 6.794491
1 6 0 8 6.784131
11 23 0 8 6.676926
2 18 0 8 6.657740
13 46 0 8 6.630563
19 57 0 8 6.616745
18 34 0 8 6.599689
11 38 0 8 6.584796
29 32 0 8 6.576677
36 43 0 8 6.498850
10 17 0 8 6.451710
40 59 0 8 6.447871
32 37 0 8 6.447149
1 39 0 8 6.420007
37 70 0 8 6.400336
19 34 0 8 6.298408
17 34 0 8 6.287571
21 29 0 8 6.282245
19 37 0 8 6.241981
14 42 0 8 6.203036
42 82 0 8 6.193975
14 37 0 8 6.189457
29 41 0 8 6.145956
40 67 0 8 6.088277
5 18 0 8 6.076111
26 69 0 8 6.033488
32 45 0 8 6.030359
34 36 0 8 6.028501
4 29 0 8 6.024305
21 42 0 8 6.018185
15 32 0 8 6.013047
23 29 0 8 5.998110
40 47 0 8 5.947062
32 48 0 8 5.936456
20 42 0 8 5.928431
1 16 0 8 5.920458
10 34 0 8 5.902409
42 57 0 8 5.890042
30 39 0 8 5.879971
16 29 0 8 5.843089
25 43 0 8 5.838496
6 17 0 8 5.833080
14 29 0 8 5.721231
15 29 0 8 5.609427
27 41 0 8 5.574594
15 24 0 8 5.545539
14 81 0 8 5.540659
13 43 0 8 5.483166
34 81 0 8 5.473259
5 24 0 8 5.440166
9 32 0 8 5.416213
36 44 0 8 5.406021
26 46 0 8 5.375673
16 43 0 8 5.317869
17 37 0 8 5.311489
22 37 0 8 5.305733
22 32 0 8 5.303452
10 38 0 8 5.257973
4 19 0 8 5.255667
2 67 0 8 5.217207
32 81 0 8 5.171821
13 81 0 8 5.168745
29 46 0 8 5.163627
28 39 0 8 5.096675
21 46 0 8 5.073375
14 44 0 8 5.049768
22 42 0 8 5.036524
3 44 0 8 5.004376
25 29 0 8 4.933794
34 35 0 8 4.843442
29 38 0 8 4.839307
33 80 0 8 4.759545
18 37 0 8 4.729577
18 66 0 8 4.688194
6 19 0 8 4.683067
23 35 0 8 4.661913
57 68 0 8 4.588673
6 36 0 8 4.575496
15 22 0 8 4.546309
18 32 0 8 4.496716
23 34 0 8 4.478105
22 46 0 8 4.477706
16 54 0 8 4.449617
20 44 0 8 4.290564
15 25 0 8 4.270091
31 79 0 8 4.267095
15 27 0 8 4.255081
14 45 0 8 4.252160
14 46 0 8 4.251777
24 29 0 8 4.180279
30 34 0 8 4.173112
26 33 0 8 4.157390
28 31 0 8 4.149867
17 32 0 8 4.102123
4 30 0 8 4.056573
5 38 0 8 4.045339
22 30 0 8 4.038733
23 32 0 8 4.024205
32 47 0 8 4.016808
33 79 0 8 4.006477
15 37 0 8 3.932356
29 58 0 8 3.879133
29 31 0 8 3.879106
18 29 0 8 3.875469
3 31 0 8 3.854522
10 20 0 8 3.852917
29 34 0 8 3.821999
13 37 0 8 3.815006
12 16 0 8 3.804477
15 21 0 8 3.742278
24 44 0 8 3.614578
15 39 0 8 3.612560
15 41 0 8 3.593575
49 57 0 8 3.585861
15 23 0 8 3.577160
8 33 0 8 3.572531
16 45 0 8 3.565008
17 81 0 8 3.558964
31 35 0 8 3.550307
21 45 0 8 3.542397
5 21 0 8 3.526373
10 39 0 8 3.486290
18 35 0 8 3.440185
18 27 0 8 3.431490
35 40 0 8 3.430139
26 40 0 8 3.426689
9 24 0 8 3.417750
29 35 0 8 3.378588
35 81 0 8 3.351843
20 47 0 8 3.350591
29 59 0 8 3.346212
6 13 0 8 3.322214
7 33 0 8 3.308880
19 22 0 8 3.263105
14 15 0 8 3.250936
6 22 0 8 3.249583
16 42 0 8 3.249320
31 72 0 8 3.244023
2 33 0 8 3.231501
10 22 0 8 3.227517
12 22 0 8 3.207232
5 34 0 8 3.199135
31 41 0 8 3.176242
11 36 0 8 3.141664
20 22 0 8 3.116107
35 36 0 8 3.090338
35 37 0 8 3.025737
11 40 0 8 3.012516
11 18 0 8 3.010684
9 33 0 8 2.985857
3 13 0 8 2.927879
20 31 0 8 2.882348
31 40 0 8 2.868313
16 81 0 8 2.840742
35 38 0 8 2.804451
35 39 0 8 2.798247
19 44 0 8 2.734428
8 28 0 8 2.651747
19 46 0 8 2.634460
12 20 0 8 2.623801
19 43 0 8 2.595344
8 39 0 8 2.541474
17 35 0 8 2.533324
15 20 0 8 2.477725
18 28 0 8 2.471267
20 30 0 8 2.401087
25 44 0 8 2.379954
31 33 0 8 2.369774
25 35 0 8 2.368654
36 50 0 8 2.366631
20 34 0 8 2.361606
15 36 0 8 2.361088
22 29 0 8 2.336315
33 35 0 8 2.332314
29 39 0 8 2.304881
31 36 0 8 2.301374
30 31 0 8 2.269285
39 50 0 8 2.255188
30 36 0 8 2.232626
11 34 0 8 2.227914
5 23 0 8 2.198820
15 18 0 8 2.102527
7 39 0 8 2.098739
14 35 0 8 2.084425
7 24 0 8 2.080364
32 35 0 8 2.035568
22 43 0 8 2.009320
9 35 0 8 2.001167
31 37 0 8 2.000223
25 42 0 8 1.987746
21 35 0 8 1.987741
7 28 0 8 1.935369
20 29 0 8 1.933641
16 44 0 8 1.887882
19 35 0 8 1.883907
14 30 0 8 1.868145
24 35 0 8 1.866896
15 33 0 8 1.856369
27 33 0 8 1.836906
11 22 0 8 1.801937
29 33 0 8 1.782328
20 68 0 8 1.751710
9 39 0 8 1.745319
15 16 0 8 1.744969
15 31 0 8 1.733939
39 51 0 8 1.716053
35 41 0 8 1.691505
6 29 0 8 1.683008
22 33 0 8 1.675690
19 31 0 8 1.671415
22 35 0 8 1.617551
8 31 0 8 1.580062
22 31 0 8 1.579087
36 53 0 8 1.573833
19 42 0 8 1.565304
24 31 0 8 1.526713
34 82 0 8 1.512526
31 34 0 8 1.500083
16 31 0 8 1.494361
3 30 0 8 1.478160
6 20 0 8 1.477302
34 44 0 8 1.468644
20 81 0 8 1.457751
8 35 0 8 1.418163
9 19 0 8 1.382445
5 39 0 8 1.365705
16 35 0 8 1.338132
13 33 0 8 1.295633
15 35 0 8 1.259297
17 33 0 8 1.250599
6 40 0 8 1.248105
8 24 0 8 1.218895
7 31 0 8 1.206491
33 34 0 8 1.204401
6 23 0 8 1.194547
15 70 0 8 1.184576
31 32 0 8 1.174109
29 45 0 8 1.163309
11 25 0 8 1.157839
23 31 0 8 1.140965
7 35 0 8 1.137251
17 29 0 8 1.106771
16 28 0 8 1.080496
18 44 0 8 1.060746
11 33 0 8 1.052928
9 31 0 8 1.049675
15 38 0 8 1.036661
32 57 0 8 1.033048
12 25 0 8 1.003177
33 39 0 8 0.991807
38 47 0 8 0.984891
69 75 0 8 0.968947
22 34 0 8 0.949787
31 81 0 8 0.943425
18 33 0 8 0.928622
30 46 0 8 0.920915
37 45 0 8 0.906485
2 35 0 8 0.887168
10 35 0 8 0.870780
5 33 0 8 0.865564
21 31 0 8 0.850593
12 28 0 8 0.830542
17 31 0 8 0.823023
33 37 0 8 0.784446
13 35 0 8 0.754825
38 58 0 8 0.718786
3 33 0 8 0.717983
25 45 0 8 0.717259
40 57 0 8 0.689702
29 68 0 8 0.684410
37 42 0 8 0.676777
32 33 0 8 0.668553
25 31 0 8 0.638494
19 33 0 8 0.635251
2 31 0 8 0.629893
12 29 0 8 0.607700
13 44 0 8 0.600319
20 33 0 8 0.561593
18 31 0 8 0.549861
12 31 0 8 0.535351
30 37 0 8 0.527504
10 33 0 8 0.514817
12 33 0 8 0.483677
33 60 0 8 0.477964
17 42 0 8 0.385339
31 39 0 8 0.383109
23 33 0 8 0.363805
6 33 0 8 0.332515
18 65 0 8 0.308313
17 28 0 8 0.265339
14 33 0 8 0.253110
12 36 0 8 0.248949
12 40 0 8 0.244510
33 36 0 8 0.223753
15 40 0 8 0.217240
12 18 0 8 0.213146
31 70 0 8 0.173370
14 49 0 8 0.170940
13 70 0 8 0.161997
18 46 0 8 0.150045
25 33 0 8 0.135180
18 58 0 8 0.132485
24 33 0 8 0.114539
18 45 0 8 0.111303
33 40 0 8 0.083441
29 47 0 8 0.081119
3 35 0 8 0.064782
20 57 0 8 0.054650
15 17 0 8 0.020175
7 19 0 8 0.015585
11 31 0 8 0.010691
24 47 0 8 -0.007463
23 46 0 8 -0.027613
16 33 0 8 -0.042658
14 31 0 8 -0.049712
30 33 0 8 -0.076672
15 46 0 8 -0.092800
31 38 0 8 -0.138161
12 35 0 8 -0.143053
6 31 0 8 -0.219268
6 35 0 8 -0.273167
18 30 0 8 -0.278183
41 49 0 8 -0.291911
33 41 0 8 -0.306908
33 61 0 8 -0.308449
14 55 0 8 -0.322623
39 52 0 8 -0.343912
21 33 0 8 -0.354707
36 57 0 8 -0.420892
20 35 0 8 -0.447121
32 60 0 8 -0.462207
29 37 0 8 -0.478306
29 81 0 8 -0.499108
10 31 0 8 -0.516923
33 38 0 8 -0.529526
31 46 0 8 -0.546793
9 17 0 8 -0.564217
31 80 0 8 -0.603853
8 32 0 8 -0.608719
56 66 0 8 -0.642571
29 48 0 8 -0.662390
5 41 0 8 -0.682239
29 43 0 8 -0.688928
36 51 0 8 -0.727032
17 82 0 8 -0.755857
35 63 0 8 -0.785714
33 55 0 8 -0.788382
10 23 0 8 -0.836066
30 35 0 8 -0.876802
33 78 0 8 -0.894642
7 32 0 8 -0.943180
17 54 0 8 -0.948018
9 18 0 8 -0.961091
6 14 0 8 -0.965191
28 69 0 8 -0.983182
29 42 0 8 -0.996678
10 36 0 8 -1.001072
17 53 0 8 -1.005664
13 31 0 8 -1.014258
73 80 0 8 -1.046696
33 62 0 8 -1.046919
33 54 0 8 -1.055229
9 29 0 8 -1.097001
5 35 0 8 -1.132468
18 70 0 8 -1.166732
22 49 0 8 -1.181816
20 69 0 8 -1.321515
33 51 0 8 -1.344736
33 56 0 8 -1.371257
33 77 0 8 -1.433336
33 58 0 8 -1.436680
35 44 0 8 -1.447455
4 33 0 8 -1.452960
8 17 0 8 -1.456656
1 32 0 8 -1.457955
26 67 0 8 -1.467243
23 70 0 8 -1.472343
33 53 0 8 -1.504717
17 46 0 8 -1.506387
18 60 0 8 -1.551232
26 42 0 8 -1.551410
31 47 0 8 -1.597212
18 51 0 8 -1.601353
5 19 0 8 -1.619366
22 45 0 8 -1.683294
8 19 0 8 -1.701194
35 49 0 8 -1.724627
25 46 0 8 -1.775889
11 35 0 8 -1.804001
33 47 0 8 -1.820726
9 28 0 8 -1.836041
7 17 0 8 -1.838697
29 44 0 8 -1.841874
29 57 0 8 -1.845669
33 49 0 8 -1.855587
11 39 0 8 -1.878038
5 32 0 8 -1.905352
31 74 0 8 -1.921276
7 18 0 8 -1.941648
38 49 0 8 -1.954558
31 42 0 8 -1.958694
20 80 0 8 -1.997532
5 31 0 8 -2.016169
34 42 0 8 -2.045655
31 45 0 8 -2.090154
23 48 0 8 -2.110088
18 42 0 8 -2.150282
25 30 0 8 -2.188483
4 31 0 8 -2.218313
33 65 0 8 -2.230135
32 61 0 8 -2.243072
44 57 0 8 -2.260301
27 29 0 8 -2.271771
33 64 0 8 -2.274554
28 57 0 8 -2.303995
8 18 0 8 -2.314145
31 61 0 8 -2.328401
5 29 0 8 -2.454381
33 59 0 8 -2.482638
33 42 0 8 -2.496682
36 47 0 8 -2.519659
9 21 0 8 -2.526217
36 58 0 8 -2.551396
7 22 0 8 -2.559137
33 44 0 8 -2.580430
39 69 0 8 -2.608828
38 50 0 8 -2.620937
12 23 0 8 -2.631531
31 62 0 8 -2.632271
19 45 0 8 -2.633026
33 50 0 8 -2.651766
33 45 0 8 -2.722282
33 63 0 8 -2.753357
35 47 0 8 -2.774558
17 44 0 8 -2.785626
17 49 0 8 -2.803960
8 29 0 8 -2.806414
18 43 0 8 -2.816949
31 69 0 8 -2.822426
33 70 0 8 -2.833663
33 52 0 8 -2.858983
40 80 0 8 -2.860354
15 42 0 8 -2.879377
33 43 0 8 -2.902496
41 73 0 8 -2.909670
33 46 0 8 -2.923557
31 57 0 8 -2.930266
31 44 0 8 -2.941813
19 47 0 8 -2.954936
33 76 0 8 -2.984024
33 75 0 8 -3.023501
36 52 0 8 -3.026487
23 67 0 8 -3.027167
31 48 0 8 -3.030134
9 22 0 8 -3.038553
31 63 0 8 -3.060660
12 82 0 8 -3.077740
5 26 0 8 -3.159442
37 54 0 8 -3.166111
31 43 0 8 -3.197377
24 69 0 8 -3.215892
6 26 0 8 -3.257731
30 57 0 8 -3.280297
7 29 0 8 -3.366069
14 47 0 8 -3.451306
35 53 0 8 -3.457546
29 67 0 8 -3.490718
13 66 0 8 -3.504437
17 43 0 8 -3.555353
36 56 0 8 -3.563808
33 66 0 8 -3.567421
41 47 0 8 -3.574761
14 57 0 8 -3.587152
35 77 0 8 -3.607162
35 61 0 8 -3.613068
15 47 0 8 -3.631616
8 22 0 8 -3.639997
32 53 0 8 -3.645605
5 36 0 8 -3.656859
28 33 0 8 -3.659254
17 30 0 8 -3.659719
30 38 0 8 -3.677738
21 47 0 8 -3.678556
40 69 0 8 -3.682616
25 48 0 8 -3.693697
17 45 0 8 -3.765297
9 41 0 8 -3.780503
17 59 0 8 -3.810872
31 59 0 8 -3.855693
4 38 0 8 -3.862342
35 48 0 8 -3.886987
18 49 0 8 -3.893262
12 14 0 8 -3.922537
7 41 0 8 -3.930791
24 68 0 8 -3.937500
18 59 0 8 -3.947085
41 52 0 8 -4.037361
35 43 0 8 -4.060853
33 73 0 8 -4.081466
35 50 0 8 -4.086090
35 45 0 8 -4.091196
22 66 0 8 -4.134995
22 57 0 8 -4.191539
34 43 0 8 -4.215305
33 48 0 8 -4.223019
17 79 0 8 -4.228115
18 52 0 8 -4.253464
22 44 0 8 -4.283998
35 78 0 8 -4.312351
8 21 0 8 -4.313431
22 70 0 8 -4.325891
33 67 0 8 -4.410410
9 16 0 8 -4.453398
17 48 0 8 -4.456662
31 55 0 8 -4.467366
25 47 0 8 -4.472290
17 52 0 8 -4.477797
31 60 0 8 -4.485999
40 48 0 8 -4.492174
31 64 0 8 -4.513998
35 52 0 8 -4.515705
28 35 0 8 -4.518078
31 51 0 8 -4.552891
34 46 0 8 -4.559828
15 45 0 8 -4.628736
35 55 0 8 -4.701523
22 69 0 8 -4.715308
18 68 0 8 -4.729314
69 76 0 8 -4.731611
8 41 0 8 -4.752234
33 72 0 8 -4.752794
5 40 0 8 -4.769548
29 65 0 8 -4.792207
35 51 0 8 -4.853824
7 20 0 8 -4.882762
33 57 0 8 -4.905859
7 21 0 8 -4.959190
35 42 0 8 -4.984627
18 61 0 8 -4.985086
12 38 0 8 -5.119280
37 48 0 8 -5.136447
23 45 0 8 -5.151241
11 20 0 8 -5.152667
37 47 0 8 -5.175165
35 74 0 8 -5.179538
9 25 0 8 -5.196275
35 46 0 8 -5.202155
35 58 0 8 -5.204028
17 47 0 8 -5.216982
4 39 0 8 -5.245790
31 50 0 8 -5.248249
4 20 0 8 -5.253059
23 43 0 8 -5.267169
35 71 0 8 -5.278689
2 44 0 8 -5.294707
34 71 0 8 -5.334908
31 65 0 8 -5.351815
33 69 0 8 -5.361557
18 69 0 8 -5.370728
35 73 0 8 -5.371357
31 78 0 8 -5.373886
12 26 0 8 -5.402582
33 71 0 8 -5.410607
10 40 0 8 -5.412734
35 60 0 8 -5.416612
19 80 0 8 -5.418684
16 47 0 8 -5.478983
3 15 0 8 -5.487690
29 62 0 8 -5.498143
22 48 0 8 -5.510186
41 81 0 8 -5.533651
4 13 0 8 -5.732666
30 47 0 8 -5.767695
37 43 0 8 -5.791061
33 74 0 8 -5.799218
31 54 0 8 -5.817235
4 35 0 8 -5.874117
33 68 0 8 -5.902136
7 25 0 8 -5.921493
17 67 0 8 -5.947129
6 28 0 8 -5.965755
2 13 0 8 -6.006869
8 20 0 8 -6.017437
22 47 0 8 -6.030595
35 65 0 8 -6.045092
13 48 0 8 -6.050803
29 63 0 8 -6.053243
31 52 0 8 -6.058373
16 49 0 8 -6.110571
35 76 0 8 -6.140228
31 77 0 8 -6.195029
31 76 0 8 -6.211148
2 15 0 8 -6.236434
36 80 0 8 -6.247348
17 66 0 8 -6.272220
35 75 0 8 -6.286789
18 62 0 8 -6.311308
22 68 0 8 -6.313237
29 60 0 8 -6.322532
13 42 0 8 -6.330519
40 66 0 8 -6.331947
23 57 0 8 -6.334971
15 69 0 8 -6.352894
36 54 0 8 -6.366768
5 20 0 8 -6.375663
17 50 0 8 -6.401793
30 45 0 8 -6.405964
9 36 0 8 -6.421357
31 49 0 8 -6.484307
2 16 0 8 -6.487309
14 69 0 8 -6.498826
31 75 0 8 -6.530368
34 45 0 8 -6.620884
24 65 0 8 -6.637592
35 70 0 8 -6.669298
9 20 0 8 -6.677233
17 51 0 8 -6.711365
7 16 0 8 -6.733574
30 42 0 8 -6.734227
12 81 0 8 -6.768941
35 68 0 8 -6.774148
8 16 0 8 -6.854711
32 50 0 8 -6.863572
31 53 0 8 -6.876351
22 58 0 8 -6.948268
32 70 0 8 -7.025706
22 59 0 8 -7.077487
15 59 0 8 -7.086434
30 44 0 8 -7.136669
7 23 0 8 -7.157998
31 56 0 8 -7.179008
2 49 0 8 -7.180145
8 23 0 8 -7.210661
29 69 0 8 -7.257043
35 62 0 8 -7.259809
25 50 0 8 -7.268556
22 51 0 8 -7.277232
15 43 0 8 -7.302126
15 73 0 8 -7.303105
9 23 0 8 -7.341942
34 47 0 8 -7.380820
41 58 0 8 -7.390201
39 80 0 8 -7.453468
27 43 0 8 -7.486707
23 55 0 8 -7.526207
22 52 0 8 -7.544310
29 80 0 8 -7.588900
35 69 0 8 -7.630198
61 82 0 8 -7.647125
35 64 0 8 -7.662673
37 59 0 8 -7.674907
20 82 0 8 -7.690895
4 82 0 8 -7.733654
37 46 0 8 -7.740558
23 44 0 8 -7.838145
15 28 0 8 -8.033166
18 54 0 8 -8.127856
8 36 0 8 -8.141218
4 66 0 8 -8.141963
26 45 0 8 -8.186422
14 51 0 8 -8.213087
35 66 0 8 -8.312718
14 70 0 8 -8.351746
28 42 0 8 -8.361139
37 55 0 8 -8.416941
31 68 0 8 -8.420995
1 38 0 8 -8.486271
9 40 0 8 -8.490441
8 25 0 8 -8.494004
21 69 0 8 -8.520326
3 29 0 8 -8.564574
35 67 0 8 -8.580795
22 54 0 8 -8.603406
38 53 0 8 -8.678330
15 44 0 8 -8.712897
15 58 0 8 -8.718369
23 63 0 8 -8.741463
23 42 0 8 -9.007610
7 36 0 8 -9.094766
8 40 0 8 -9.124137
22 50 0 8 -9.129480
35 57 0 8 -9.130343
9 38 0 8 -9.192512
31 67 0 8 -9.291584
14 50 0 8 -9.347747
18 53 0 8 -9.389649
7 40 0 8 -9.392202
15 49 0 8 -9.400442
6 81 0 8 -9.409471
32 71 0 8 -9.418316
31 66 0 8 -9.426302
22 72 0 8 -9.429762
29 70 0 8 -9.432381
34 67 0 8 -9.439375
20 61 0 8 -9.445793
37 44 0 8 -9.483046
9 14 0 8 -9.540234
25 54 0 8 -9.560532
16 69 0 8 -9.601126
23 81 0 8 -9.661100
18 67 0 8 -9.709995
3 10 0 8 -9.740359
16 52 0 8 -9.773015
15 66 0 8 -9.860373
35 72 0 8 -9.885960
15 68 0 8 -9.908909
20 70 0 8 -9.910239
39 57 0 8 -9.989623
16 71 0 8 -10.013302
14 56 0 8 -10.083714
29 52 0 8 -10.101262
2 11 0 8 -10.103537
20 50 0 8 -10.146487
37 78 0 8 -10.215998
37 61 0 8 -10.266768
20 54 0 8 -10.303446
18 47 0 8 -10.327398
5 14 0 8 -10.344440
41 50 0 8 -10.345911
34 73 0 8 -10.382219
37 77 0 8 -10.416766
3 24 0 8 -10.498569
41 79 0 8 -10.502897
14 52 0 8 -10.516732
22 53 0 8 -10.599089
22 73 0 8 -10.602812
16 58 0 8 -10.613415
29 49 0 8 -10.707677
32 52 0 8 -10.759001
2 6 0 8 -10.807155
3 66 0 8 -10.817890
32 62 0 8 -10.891129
14 53 0 8 -10.898729
25 58 0 8 -10.915078
29 66 0 8 -10.917280
15 48 0 8 -10.939457
44 58 0 8 -10.946239
15 79 0 8 -10.971961
34 72 0 8 -10.994940
20 55 0 8 -10.996252
7 14 0 8 -11.064754
11 28 0 8 -11.084172
29 64 0 8 -11.092470
23 50 0 8 -11.112233
23 62 0 8 -11.126251
20 53 0 8 -11.139978
8 14 0 8 -11.140985
18 63 0 8 -11.242308
13 49 0 8 -11.263506
13 47 0 8 -11.303210
32 49 0 8 -11.345033
40 50 0 8 -11.361164
41 53 0 8 -11.442951
22 67 0 8 -11.462465
19 59 0 8 -11.470010
40 68 0 8 -11.513830
20 49 0 8 -11.516117
22 65 0 8 -11.588755
29 54 0 8 -11.633677
4 23 0 8 -11.675276
29 50 0 8 -11.681935
15 61 0 8 -11.693844
17 69 0 8 -11.707093
23 74 0 8 -11.728425
19 48 0 8 -11.800352
34 76 0 8 -11.823346
30 43 0 8 -11.838548
25 49 0 8 -11.911741
2 37 0 8 -11.927110
15 52 0 8 -11.937168
34 48 0 8 -11.963514
15 54 0 8 -11.984788
40 54 0 8 -12.005057
34 69 0 8 -12.026175
24 49 0 8 -12.070177
9 13 0 8 -12.088138
16 50 0 8 -12.100269
15 57 0 8 -12.113858
40 49 0 8 -12.152275
30 68 0 8 -12.194629
18 50 0 8 -12.265478
34 63 0 8 -12.274206
36 59 0 8 -12.279489
39 61 0 8 -12.304048
21 50 0 8 -12.327209
23 53 0 8 -12.364537
7 38 0 8 -12.380708
18 72 0 8 -12.404289
27 42 0 8 -12.429440
39 64 0 8 -12.430182
23 80 0 8 -12.472413
18 55 0 8 -12.603496
38 70 0 8 -12.644231
16 59 0 8 -12.656771
23 82 0 8 -12.670105
8 38 0 8 -12.678586
15 78 0 8 -12.730045
23 54 0 8 -12.758501
22 79 0 8 -12.797074
19 63 0 8 -12.903468
47 57 0 8 -12.954175
14 60 0 8 -12.981471
15 75 0 8 -13.085410
24 71 0 8 -13.137572
15 67 0 8 -13.145195
47 58 0 8 -13.168231
39 66 0 8 -13.220338
15 76 0 8 -13.277152
38 52 0 8 -13.314971
34 61 0 8 -13.393969
45 57 0 8 -13.442514
11 68 0 8 -13.450158
36 81 0 8 -13.463612
29 53 0 8 -13.697565
24 53 0 8 -13.705418
20 52 0 8 -13.720156
15 50 0 8 -13.735235
23 47 0 8 -13.776805
4 15 0 8 -13.791492
34 80 0 8 -13.887347
15 51 0 8 -13.895008
14 68 0 8 -13.903064
34 65 0 8 -13.948442
38 69 0 8 -13.960472
26 57 0 8 -13.965194
36 61 0 8 -14.040321
37 52 0 8 -14.097700
15 53 0 8 -14.110067
15 72 0 8 -14.155731
30 48 0 8 -14.163805
23 58 0 8 -14.167041
34 75 0 8 -14.177710
36 67 0 8 -14.353566
37 58 0 8 -14.387060
18 81 0 8 -14.469945
25 52 0 8 -14.472135
14 58 0 8 -14.476986
16 70 0 8 -14.480019
72 81 0 8 -14.487933
24 61 0 8 -14.578131
15 77 0 8 -14.592811
23 69 0 8 -14.725416
21 49 0 8 -14.725950
32 67 0 8 -14.727289
20 62 0 8 -14.733296
37 56 0 8 -14.839782
15 65 0 8 -14.845547
2 46 0 8 -14.847169
15 71 0 8 -15.005555
4 32 0 8 -15.010449
18 80 0 8 -15.034485
38 54 0 8 -15.072237
17 63 0 8 -15.078189
32 51 0 8 -15.097958
23 51 0 8 -15.169234
24 58 0 8 -15.183187
34 74 0 8 -15.216716
5 45 0 8 -15.217053
22 76 0 8 -15.263867
24 59 0 8 -15.279199
26 43 0 8 -15.295963
25 53 0 8 -15.298839
37 50 0 8 -15.315313
10 57 0 8 -15.333842
24 50 0 8 -15.341812
26 44 0 8 -15.342345
13 57 0 8 -15.387205
1 81 0 8 -15.464001
34 64 0 8 -15.512080
15 56 0 8 -15.565598
39 54 0 8 -15.720670
39 58 0 8 -15.750877
19 49 0 8 -15.759638
7 13 0 8 -15.762626
25 59 0 8 -15.765926
17 55 0 8 -15.812150
38 81 0 8 -15.827497
41 72 0 8 -15.963244
16 53 0 8 -15.967192
37 49 0 8 -15.992984
14 72 0 8 -16.062712
36 73 0 8 -16.067749
32 54 0 8 -16.197142
2 50 0 8 -16.352161
34 60 0 8 -16.352657
25 73 0 8 -16.357607
36 79 0 8 -16.373049
8 13 0 8 -16.395691
40 55 0 8 -16.452747
38 64 0 8 -16.458113
17 70 0 8 -16.467381
18 71 0 8 -16.478537
15 63 0 8 -16.519173
37 68 0 8 -16.558002
15 74 0 8 -16.624483
23 64 0 8 -16.653601
23 52 0 8 -16.691807
20 63 0 8 -16.716614
11 81 0 8 -16.747118
40 53 0 8 -16.750053
25 51 0 8 -16.750154
37 74 0 8 -16.768188
21 54 0 8 -16.774696
5 81 0 8 -16.798964
25 55 0 8 -16.807051
55 69 0 8 -16.849020
19 61 0 8 -16.923635
29 56 0 8 -16.938389
34 53 0 8 -16.997969
38 66 0 8 -17.113197
34 59 0 8 -17.119677
22 61 0 8 -17.146402
15 64 0 8 -17.205046
37 67 0 8 -17.264803
20 51 0 8 -17.300947
17 56 0 8 -17.340395
40 51 0 8 -17.360023
29 55 0 8 -17.367197
23 49 0 8 -17.432402
21 52 0 8 -17.477766
8 82 0 8 -17.578789
21 56 0 8 -17.591669
21 55 0 8 -17.609253
17 65 0 8 -17.611015
24 52 0 8 -17.627331
14 54 0 8 -17.637274
32 63 0 8 -17.651426
34 50 0 8 -17.656122
29 51 0 8 -17.783218
6 46 0 8 -17.870724
45 56 0 8 -18.108540
36 65 0 8 -18.136656
29 79 0 8 -18.165098
2 7 0 8 -18.192078
34 62 0 8 -18.253077
34 77 0 8 -18.396477
15 60 0 8 -18.536024
15 55 0 8 -18.644112
40 65 0 8 -18.656364
40 73 0 8 -18.704580
23 56 0 8 -18.712965
19 69 0 8 -18.802946
21 58 0 8 -18.811022
23 71 0 8 -18.888247
39 72 0 8 -18.890429
23 73 0 8 -18.924854
18 56 0 8 -18.951044
37 53 0 8 -18.964558
17 73 0 8 -18.994165
22 64 0 8 -19.004221
19 52 0 8 -19.016354
23 66 0 8 -19.115948
14 74 0 8 -19.317896
22 56 0 8 -19.468607
29 71 0 8 -19.470402
38 71 0 8 -19.487793
11 43 0 8 -19.506605
15 62 0 8 -19.509830
38 80 0 8 -19.582911
54 79 0 8 -19.590014
17 62 0 8 -19.616821
28 45 0 8 -19.620682
24 67 0 8 -19.687166
20 67 0 8 -19.762541
41 51 0 8 -19.838436
32 80 0 8 -19.909275
14 59 0 8 -20.041769
41 61 0 8 -20.123877
24 51 0 8 -20.152397
17 64 0 8 -20.155516
3 46 0 8 -20.209063
21 53 0 8 -20.209246
23 61 0 8 -20.234489
25 61 0 8 -20.318506
38 51 0 8 -20.327042
37 51 0 8 -20.364309
34 51 0 8 -20.384739
22 60 0 8 -20.427267
3 81 0 8 -20.494772
6 43 0 8 -20.531990
12 46 0 8 -20.566963
47 54 0 8 -20.636396
37 75 0 8 -20.638075
22 74 0 8 -20.638493
34 78 0 8 -20.704885
25 74 0 8 -20.764877
41 65 0 8 -20.827055
25 76 0 8 -20.914171
36 55 0 8 -20.998037
49 59 0 8 -21.021318
6 42 0 8 -21.023443
6 45 0 8 -21.119244
1 49 0 8 -21.204254
29 76 0 8 -21.206345
34 49 0 8 -21.213017
21 51 0 8 -21.255722
37 76 0 8 -21.271347
27 44 0 8 -21.300512
29 77 0 8 -21.450462
39 63 0 8 -21.530663
41 54 0 8 -21.537384
34 52 0 8 -21.614100
9 45 0 8 -21.631113
43 54 0 8 -21.651173
19 73 0 8 -21.664267
20 56 0 8 -21.669952
10 46 0 8 -21.771349
24 63 0 8 -21.820477
21 63 0 8 -21.937218
19 53 0 8 -21.957592
12 45 0 8 -21.971289
17 71 0 8 -21.974121
41 64 0 8 -21.976641
38 65 0 8 -22.055086
22 63 0 8 -22.090775
38 55 0 8 -22.218418
45 58 0 8 -22.317354
16 61 0 8 -22.338140
19 50 0 8 -22.352955
22 77 0 8 -22.372066
21 67 0 8 -22.558552
34 66 0 8 -22.558647
29 72 0 8 -22.589054
16 51 0 8 -22.593296
18 73 0 8 -22.618406
19 70 0 8 -22.639074
22 75 0 8 -22.647526
63 81 0 8 -22.676411
30 49 0 8 -22.693340
22 78 0 8 -22.808836
13 56 0 8 -22.861908
19 54 0 8 -22.878677
36 60 0 8 -22.894379
39 65 0 8 -22.969288
39 55 0 8 -23.031322
32 58 0 8 -23.059706
39 62 0 8 -23.121176
34 54 0 8 -23.135052
28 59 0 8 -23.169798
24 60 0 8 -23.228781
40 52 0 8 -23.265247
20 71 0 8 -23.298634
19 62 0 8 -23.351164
34 56 0 8 -23.360966
29 74 0 8 -23.434153
32 66 0 8 -23.478746
13 68 0 8 -23.492390
21 64 0 8 -23.552290
29 78 0 8 -23.596716
20 76 0 8 -23.629862
7 45 0 8 -23.659977
7 82 0 8 -23.729628
53 61 0 8 -23.773886
19 60 0 8 -23.783035
37 65 0 8 -23.851337
19 79 0 8 -23.854303
25 67 0 8 -23.869932
40 56 0 8 -23.881449
25 70 0 8 -23.887373
42 54 0 8 -23.913877
24 79 0 8 -23.960268
39 73 0 8 -23.964796
12 42 0 8 -24.002890
16 73 0 8 -24.052526
41 69 0 8 -24.057098
32 65 0 8 -24.317160
46 57 0 8 -24.336903
17 60 0 8 -24.342989
8 45 0 8 -24.366150
36 63 0 8 -24.412685
9 47 0 8 -24.457644
27 46 0 8 -24.598177
37 64 0 8 -24.625780
20 74 0 8 -24.633457
21 81 0 8 -24.642662
30 67 0 8 -24.661442
38 61 0 8 -24.681372
39 67 0 8 -24.713720
17 74 0 8 -24.769896
5 58 0 8 -24.834257
29 75 0 8 -24.891132
27 47 0 8 -24.898983
7 42 0 8 -24.910139
12 43 0 8 -24.996996
9 42 0 8 -25.128365
25 69 0 8 -25.203085
39 79 0 8 -25.225180
20 60 0 8 -25.235405
10 43 0 8 -25.282534
29 73 0 8 -25.450144
32 73 0 8 -25.451818
23 79 0 8 -25.606380
21 61 0 8 -25.617451
25 79 0 8 -25.634691
39 71 0 8 -25.647915
10 81 0 8 -25.656538
13 67 0 8 -25.683218
16 63 0 8 -25.697742
1 28 0 8 -25.789701
36 71 0 8 -25.825975
38 56 0 8 -25.841499
39 70 0 8 -25.851641
5 43 0 8 -25.874041
8 42 0 8 -25.985502
9 46 0 8 -26.073544
9 82 0 8 -26.246147
10 45 0 8 -26.318880
19 66 0 8 -26.331404
24 70 0 8 -26.425604
22 62 0 8 -26.527832
30 75 0 8 -26.559374
37 71 0 8 -26.602364
22 55 0 8 -26.618729
5 42 0 8 -26.668562
39 76 0 8 -26.714901
8 26 0 8 -26.765465
32 72 0 8 -26.768793
36 69 0 8 -26.790400
23 65 0 8 -26.820265
6 82 0 8 -26.839104
40 63 0 8 -26.881323
6 47 0 8 -26.938957
20 64 0 8 -26.980164
25 60 0 8 -27.119205
21 66 0 8 -27.127329
32 64 0 8 -27.143606
40 79 0 8 -27.190948
32 55 0 8 -27.223293
7 47 0 8 -27.283888
16 66 0 8 -27.289450
37 63 0 8 -27.316067
37 79 0 8 -27.430189
13 69 0 8 -27.434341
17 61 0 8 -27.449709
40 74 0 8 -27.521997
39 56 0 8 -27.590654
16 56 0 8 -27.617563
26 80 0 8 -27.624521
11 46 0 8 -27.629183
43 57 0 8 -27.744865
30 74 0 8 -27.807673
43 58 0 8 -27.811237
37 73 0 8 -27.857834
6 44 0 8 -27.904404
19 51 0 8 -27.930426
36 74 0 8 -27.949133
20 72 0 8 -27.970953
25 72 0 8 -28.049397
19 64 0 8 -28.051277
23 60 0 8 -28.267815
46 54 0 8 -28.421328
34 55 0 8 -28.499306
36 66 0 8 -28.534327
30 52 0 8 -28.565128
8 43 0 8 -28.715189
8 47 0 8 -28.746410
37 80 0 8 -28.776350
9 43 0 8 -28.825869
14 67 0 8 -28.858871
28 43 0 8 -28.881962
41 66 0 8 -28.949562
41 67 0 8 -28.972935
14 79 0 8 -29.004807
37 66 0 8 -29.039703
9 26 0 8 -29.065443
19 67 0 8 -29.071568
7 43 0 8 -29.125826
37 72 0 8 -29.193869
34 79 0 8 -29.221687
12 47 0 8 -29.242331
19 71 0 8 -29.302734
19 76 0 8 -29.342640
8 46 0 8 -29.343187
7 26 0 8 -29.610331
24 56 0 8 -29.639626
24 74 0 8 -29.718969
40 61 0 8 -29.774954
7 46 0 8 -29.876638
20 65 0 8 -29.894257
19 77 0 8 -29.952055
10 27 0 8 -30.001238
26 48 0 8 -30.002264
13 54 0 8 -30.020456
39 59 0 8 -30.060881
19 75 0 8 -30.159643
26 58 0 8 -30.202648
10 44 0 8 -30.269213
30 50 0 8 -30.283825
19 56 0 8 -30.395163
20 75 0 8 -30.446737
14 73 0 8 -30.508665
4 79 0 8 -30.541573
2 51 0 8 -30.586355
14 64 0 8 -30.599737
19 74 0 8 -30.604404
5 48 0 8 -30.646271
45 54 0 8 -30.687569
14 63 0 8 -30.698637
40 58 0 8 -30.737295
21 71 0 8 -30.754129
20 73 0 8 -30.874395
38 62 0 8 -30.957775
42 58 0 8 -31.041363
32 77 0 8 -31.046825
18 79 0 8 -31.083487
40 77 0 8 -31.103991
16 64 0 8 -31.179728
17 77 0 8 -31.180252
40 70 0 8 -31.187420
21 59 0 8 -31.257969
41 70 0 8 -31.536478
21 72 0 8 -31.567154
14 77 0 8 -31.588024
32 56 0 8 -31.645163
30 51 0 8 -31.677780
5 68 0 8 -31.685720
38 72 0 8 -31.689297
43 82 0 8 -31.741312
17 72 0 8 -31.749842
36 64 0 8 -31.843624
10 42 0 8 -32.056885
40 78 0 8 -32.182140
32 59 0 8 -32.193638
17 76 0 8 -32.213749
23 72 0 8 -32.236156
21 65 0 8 -32.257286
74 82 0 8 -32.297169
32 76 0 8 -32.359005
46 58 0 8 -32.397472
26 47 0 8 -32.495014
18 76 0 8 -32.517918
20 66 0 8 -32.538574
14 71 0 8 -32.545731
32 75 0 8 -32.634811
11 42 0 8 -32.723576
14 76 0 8 -32.773369
19 55 0 8 -32.945930
21 70 0 8 -32.982227
32 79 0 8 -33.024632
41 71 0 8 -33.141411
39 75 0 8 -33.153847
10 58 0 8 -33.160759
30 53 0 8 -33.327351
13 53 0 8 -33.337868
39 60 0 8 -33.350357
27 57 0 8 -33.398777
13 52 0 8 -33.444370
17 75 0 8 -33.573792
21 60 0 8 -33.745441
14 78 0 8 -33.795200
24 62 0 8 -33.809589
32 74 0 8 -33.839775
38 73 0 8 -33.849922
12 44 0 8 -33.859230
47 82 0 8 -33.885460
25 65 0 8 -33.905159
40 71 0 8 -33.928364
12 69 0 8 -34.003460
8 44 0 8 -34.079754
9 44 0 8 -34.134670
24 55 0 8 -34.154167
25 71 0 8 -34.230743
41 55 0 8 -34.277557
39 77 0 8 -34.277794
38 63 0 8 -34.342575
18 74 0 8 -34.393211
32 78 0 8 -34.424309
25 56 0 8 -34.428371
7 44 0 8 -34.470932
24 64 0 8 -34.512543
39 78 0 8 -34.550678
36 70 0 8 -34.572624
11 45 0 8 -34.686165
16 74 0 8 -34.821327
25 75 0 8 -34.913437
6 48 0 8 -34.920490
2 52 0 8 -35.102070
41 78 0 8 -35.115585
17 78 0 8 -35.274593
16 65 0 8 -35.279293
26 72 0 8 -35.383095
19 78 0 8 -35.487652
23 76 0 8 -35.569366
18 75 0 8 -35.626335
10 47 0 8 -35.666405
24 76 0 8 -35.728237
24 66 0 8 -35.856548
28 68 0 8 -35.970253
24 54 0 8 -36.049969
36 62 0 8 -36.266663
10 80 0 8 -36.344193
42 56 0 8 -36.402927
40 76 0 8 -36.555969
39 74 0 8 -36.581337
5 44 0 8 -36.596344
7 78 0 8 -36.603771
14 62 0 8 -36.643528
37 62 0 8 -36.897068
24 73 0 8 -36.928230
13 72 0 8 -36.941368
25 64 0 8 -37.177513
47 55 0 8 -37.248180
14 66 0 8 -37.397064
25 78 0 8 -37.483391
4 42 0 8 -37.534840
27 65 0 8 -37.577705
36 72 0 8 -37.627995
13 58 0 8 -37.788788
38 59 0 8 -37.790524
44 56 0 8 -37.851826
41 77 0 8 -37.906815
41 63 0 8 -37.966938
3 42 0 8 -38.026211
36 75 0 8 -38.085079
25 77 0 8 -38.264080
40 75 0 8 -38.374195
36 77 0 8 -38.434456
16 79 0 8 -38.476196
2 47 0 8 -38.478001
2 12 0 8 -39.000198
40 62 0 8 -39.022701
13 50 0 8 -39.207531
30 76 0 8 -39.283207
23 77 0 8 -39.311684
19 72 0 8 -39.406898
20 79 0 8 -39.504513
18 77 0 8 -39.507206
5 47 0 8 -39.546757
10 68 0 8 -39.591961
37 60 0 8 -39.616470
25 66 0 8 -39.651691
26 73 0 8 -39.693604
42 55 0 8 -39.707367
40 72 0 8 -39.752991
14 75 0 8 -39.851086
24 75 0 8 -39.856651
26 66 0 8 -40.069393
30 58 0 8 -40.166019
41 59 0 8 -40.388592
45 55 0 8 -40.439880
18 78 0 8 -40.471680
13 73 0 8 -40.665142
46 82 0 8 -40.898300
3 47 0 8 -41.001949
5 46 0 8 -41.011894
21 62 0 8 -41.104820
23 75 0 8 -41.285206
16 62 0 8 -41.416431
19 65 0 8 -41.505566
20 77 0 8 -41.529385
2 42 0 8 -41.538853
2 8 0 8 -41.584572
47 56 0 8 -41.654346
14 65 0 8 -41.772018
16 72 0 8 -41.855026
11 44 0 8 -41.926754
65 82 0 8 -41.943741
28 81 0 8 -41.949993
9 63 0 8 -41.954174
40 64 0 8 -41.992466
12 48 0 8 -42.192123
36 76 0 8 -42.347359
28 47 0 8 -42.441360
28 44 0 8 -42.638504
66 69 0 8 -42.700684
30 69 0 8 -42.843063
8 48 0 8 -42.990189
30 63 0 8 -43.095314
13 64 0 8 -43.135120
8 63 0 8 -43.184772
38 60 0 8 -43.415035
41 74 0 8 -43.509556
30 66 0 8 -43.569817
4 49 0 8 -43.632698
11 47 0 8 -43.826927
13 65 0 8 -44.030567
10 82 0 8 -44.033695
30 73 0 8 -44.132217
21 76 0 8 -44.213360
23 78 0 8 -44.228603
3 11 0 8 -44.334057
9 48 0 8 -44.403351
9 62 0 8 -44.621246
25 63 0 8 -44.891796
20 78 0 8 -44.911289
25 62 0 8 -44.959057
30 61 0 8 -45.181561
41 76 0 8 -45.419918
69 78 0 8 -45.426476
2 9 0 8 -45.441555
74 81 0 8 -45.502640
1 5 0 8 -45.577618
21 75 0 8 -45.686516
6 51 0 8 -45.746868
44 54 0 8 -45.808243
4 45 0 8 -46.035858
30 65 0 8 -46.040287
30 54 0 8 -46.129852
8 78 0 8 -46.173527
13 63 0 8 -46.249474
7 48 0 8 -46.276035
13 51 0 8 -46.617649
30 56 0 8 -46.698750
7 77 0 8 -46.909039
38 74 0 8 -46.937687
36 78 0 8 -46.978016
41 60 0 8 -46.985165
12 70 0 8 -47.342247
6 57 0 8 -47.403980
4 48 0 8 -47.566624
46 55 0 8 -47.642303
3 57 0 8 -48.006306
16 77 0 8 -48.136124
44 82 0 8 -48.266857
30 70 0 8 -48.406143
16 78 0 8 -48.446140
11 49 0 8 -48.478928
12 49 0 8 -48.492893
24 77 0 8 -48.633343
8 62 0 8 -48.656841
5 63 0 8 -48.668579
1 77 0 8 -48.721127
12 52 0 8 -48.792377
24 78 0 8 -48.854324
26 52 0 8 -48.871799
1 57 0 8 -48.964764
12 51 0 8 -48.965256
26 49 0 8 -49.234135
9 51 0 8 -49.483410
7 63 0 8 -49.505081
30 55 0 8 -49.541225
6 52 0 8 -49.576820
41 75 0 8 -49.582905
45 82 0 8 -49.676731
28 46 0 8 -49.708233
2 5 0 8 -49.744724
12 50 0 8 -49.792252
51 61 0 8 -49.847115
21 73 0 8 -49.919807
7 57 0 8 -50.144466
1 70 0 8 -50.312126
6 50 0 8 -50.409664
13 61 0 8 -50.651405
6 49 0 8 -50.762634
3 43 0 8 -51.181316
38 79 0 8 -51.344051
9 50 0 8 -51.514393
26 54 0 8 -51.551270
43 56 0 8 -51.642544
10 69 0 8 -51.722775
41 56 0 8 -51.782486
9 49 0 8 -51.802097
8 49 0 8 -51.928822
21 79 0 8 -51.969265
4 44 0 8 -51.971317
50 61 0 8 -52.060162
8 51 0 8 -52.083538
12 78 0 8 -52.234184
16 60 0 8 -52.309784
16 76 0 8 -52.846302
55 65 0 8 -53.372948
9 52 0 8 -53.393841
49 61 0 8 -53.453945
30 77 0 8 -53.560890
26 76 0 8 -53.684528
43 55 0 8 -53.706509
9 78 0 8 -54.081020
30 62 0 8 -54.089897
7 51 0 8 -54.109592
57 74 0 8 -54.197582
30 72 0 8 -54.213394
3 27 0 8 -54.412083
46 80 0 8 -54.448318
7 62 0 8 -54.454277
8 50 0 8 -54.454311
24 72 0 8 -54.503693
5 57 0 8 -54.679127
51 62 0 8 -54.708862
7 49 0 8 -54.863171
49 63 0 8 -55.017174
12 68 0 8 -55.017902
7 54 0 8 -55.214268
11 73 0 8 -55.304180
46 56 0 8 -55.519051
8 54 0 8 -55.685234
12 54 0 8 -55.740574
13 74 0 8 -55.976547
2 53 0 8 -56.154083
8 77 0 8 -56.163208
3 67 0 8 -56.258163
6 71 0 8 -56.520267
26 61 0 8 -56.529545
69 77 0 8 -56.608402
44 55 0 8 -56.820259
6 61 0 8 -56.839779
8 52 0 8 -56.899635
9 57 0 8 -56.905052
3 45 0 8 -56.961300
28 70 0 8 -57.193153
13 55 0 8 -57.281570
16 55 0 8 -57.358120
11 72 0 8 -57.613956
11 48 0 8 -57.667244
59 66 0 8 -58.066414
12 53 0 8 -58.347027
48 59 0 8 -58.377380
7 52 0 8 -58.392502
5 82 0 8 -58.480114
45 81 0 8 -58.506351
13 76 0 8 -58.513172
9 54 0 8 -58.540562
9 53 0 8 -58.542236
13 60 0 8 -58.577980
7 50 0 8 -58.691353
30 64 0 8 -58.701584
16 75 0 8 -58.747921
9 66 0 8 -58.830692
21 77 0 8 -58.925827
40 60 0 8 -59.048065
54 80 0 8 -59.082386
6 68 0 8 -59.085644
21 74 0 8 -59.559780
7 75 0 8 -59.584705
6 53 0 8 -59.596233
65 70 0 8 -59.694881
55 82 0 8 -60.180176
5 49 0 8 -60.188740
6 54 0 8 -60.244904
8 61 0 8 -60.336510
3 48 0 8 -60.398323
8 70 0 8 -60.478397
1 4 0 8 -60.481319
30 71 0 8 -60.494297
10 49 0 8 -60.541588
7 59 0 8 -60.544132
9 59 0 8 -60.575123
10 54 0 8 -60.682354
8 59 0 8 -60.876850
26 53 0 8 -60.877007
26 65 0 8 -60.892677
41 62 0 8 -61.032001
54 64 0 8 -61.041409
7 72 0 8 -61.060593
12 77 0 8 -61.115215
38 76 0 8 -61.270363
8 75 0 8 -61.431221
52 61 0 8 -61.518822
4 65 0 8 -61.560207
59 65 0 8 -61.616837
12 57 0 8 -61.718269
9 61 0 8 -61.970631
8 53 0 8 -61.997177
8 66 0 8 -62.045822
6 69 0 8 -62.058128
8 72 0 8 -62.065441
7 55 0 8 -62.186237
30 60 0 8 -62.273388
26 50 0 8 -62.276581
9 65 0 8 -62.586441
12 63 0 8 -62.663872
6 70 0 8 -62.812477
1 52 0 8 -62.864849
8 55 0 8 -62.904613
11 70 0 8 -62.913364
12 59 0 8 -63.129951
7 66 0 8 -63.230824
4 53 0 8 -63.345379
4 67 0 8 -63.461441
10 48 0 8 -63.523514
11 57 0 8 -63.662987
7 70 0 8 -63.737198
6 58 0 8 -63.778126
11 52 0 8 -63.794739
44 68 0 8 -63.907085
11 71 0 8 -63.925484
7 61 0 8 -63.944748
28 82 0 8 -64.016602
55 68 0 8 -64.017822
2 45 0 8 -64.034447
38 78 0 8 -64.159088
9 77 0 8 -64.209801
11 67 0 8 -64.286934
12 66 0 8 -64.294472
38 77 0 8 -64.406807
46 68 0 8 -64.599907
47 81 0 8 -64.646118
2 64 0 8 -64.712135
9 72 0 8 -65.113007
1 50 0 8 -65.115013
30 78 0 8 -65.160545
7 53 0 8 -65.193230
4 58 0 8 -65.274467
12 58 0 8 -65.436378
53 62 0 8 -65.483246
4 46 0 8 -65.614410
6 59 0 8 -65.772675
11 58 0 8 -65.803177
7 76 0 8 -65.880905
9 68 0 8 -65.954857
11 54 0 8 -66.030312
38 75 0 8 -66.119781
5 65 0 8 -66.281967
9 75 0 8 -66.484238
1 26 0 8 -66.513229
7 73 0 8 -66.564095
8 76 0 8 -66.647903
27 63 0 8 -66.658195
8 57 0 8 -67.061417
3 62 0 8 -67.266068
8 73 0 8 -67.364914
49 62 0 8 -67.589607
8 58 0 8 -67.650749
12 75 0 8 -67.878326
48 57 0 8 -67.935539
10 56 0 8 -68.214508
8 79 0 8 -68.661232
6 65 0 8 -68.806038
21 78 0 8 -68.861137
9 70 0 8 -69.107079
26 74 0 8 -69.164085
8 65 0 8 -69.360977
8 67 0 8 -69.661987
6 66 0 8 -69.840088
10 52 0 8 -70.055939
9 73 0 8 -70.059761
9 55 0 8 -70.075562
6 63 0 8 -70.195061
9 58 0 8 -70.226357
9 67 0 8 -70.289566
4 47 0 8 -70.356827
12 73 0 8 -70.370140
27 80 0 8 -70.460945
50 62 0 8 -70.519615
12 62 0 8 -70.526131
7 67 0 8 -70.551826
8 60 0 8 -70.678589
7 58 0 8 -70.831375
11 63 0 8 -70.915901
10 72 0 8 -71.103531
13 77 0 8 -71.503410
26 77 0 8 -71.935341
7 71 0 8 -72.002983
60 68 0 8 -72.011116
7 65 0 8 -72.057793
12 61 0 8 -72.113358
6 62 0 8 -72.171570
5 53 0 8 -72.483032
8 71 0 8 -72.732986
13 71 0 8 -73.008308
12 65 0 8 -73.043091
12 72 0 8 -73.116356
7 74 0 8 -73.218987
8 74 0 8 -73.545464
5 64 0 8 -73.645355
9 60 0 8 -73.744308
11 75 0 8 -73.812447
9 76 0 8 -73.924942
7 60 0 8 -73.998795
6 67 0 8 -74.050011
7 79 0 8 -74.148796
28 48 0 8 -74.295944
42 68 0 8 -74.397690
11 50 0 8 -74.512642
42 81 0 8 -74.538261
12 76 0 8 -74.585320
6 75 0 8 -74.823372
8 56 0 8 -74.894218
6 73 0 8 -74.914139
12 71 0 8 -75.115845
28 49 0 8 -75.336571
52 62 0 8 -75.425552
7 56 0 8 -75.500778
30 79 0 8 -75.573212
72 82 0 8 -75.689911
8 64 0 8 -75.713226
12 64 0 8 -75.853020
3 60 0 8 -76.003067
8 69 0 8 -76.003120
11 61 0 8 -76.051834
1 78 0 8 -76.068855
44 59 0 8 -76.170959
6 72 0 8 -76.438454
9 71 0 8 -76.686333
46 81 0 8 -76.716927
11 53 0 8 -76.747787
5 62 0 8 -76.758324
12 55 0 8 -77.156982
5 70 0 8 -77.944969
7 69 0 8 -77.977112
26 71 0 8 -78.077667
26 64 0 8 -78.126709
5 52 0 8 -78.219345
51 63 0 8 -78.325363
4 43 0 8 -78.491028
9 74 0 8 -78.685974
6 60 0 8 -78.796356
9 79 0 8 -78.933807
48 82 0 8 -78.982445
68 79 0 8 -79.039276
43 65 0 8 -79.189842
43 80 0 8 -79.317276
5 69 0 8 -79.510216
6 64 0 8 -79.563614
7 68 0 8 -79.670006
9 56 0 8 -79.834129
10 55 0 8 -79.894707
26 63 0 8 -80.029602
10 66 0 8 -80.127876
7 64 0 8 -80.331551
9 69 0 8 -80.377159
8 68 0 8 -80.578812
9 64 0 8 -80.679260
5 51 0 8 -80.947136
5 61 0 8 -81.087730
28 63 0 8 -81.312599
48 63 0 8 -81.316734
12 79 0 8 -81.326218
26 78 0 8 -81.401596
6 79 0 8 -81.437981
69 82 0 8 -81.598419
11 51 0 8 -81.616974
5 59 0 8 -82.203552
6 78 0 8 -82.233978
3 79 0 8 -82.358742
3 61 0 8 -82.452660
5 50 0 8 -82.465904
26 75 0 8 -82.573517
56 67 0 8 -82.887001
6 76 0 8 -83.158508
13 75 0 8 -83.562767
54 65 0 8 -83.731796
26 55 0 8 -83.896004
3 59 0 8 -83.898811
6 77 0 8 -83.969261
10 65 0 8 -84.010582
10 70 0 8 -84.470345
3 53 0 8 -84.570045
11 55 0 8 -84.598076
10 53 0 8 -84.701073
27 62 0 8 -84.729568
26 51 0 8 -84.946426
28 78 0 8 -85.076324
6 56 0 8 -85.099228
3 49 0 8 -85.470497
1 51 0 8 -85.533661
10 51 0 8 -85.569252
64 82 0 8 -85.690559
53 63 0 8 -85.732788
44 80 0 8 -85.736908
6 55 0 8 -86.003563
12 74 0 8 -86.022217
10 73 0 8 -86.084473
28 77 0 8 -86.099846
45 67 0 8 -86.311508
11 66 0 8 -86.366959
5 72 0 8 -86.412987
12 60 0 8 -86.565285
10 71 0 8 -86.707977
4 54 0 8 -86.723045
47 68 0 8 -86.799538
42 59 0 8 -86.827339
12 56 0 8 -86.845772
11 76 0 8 -87.121918
13 62 0 8 -87.198715
13 79 0 8 -87.708740
10 61 0 8 -87.760460
10 67 0 8 -88.353378
4 50 0 8 -88.512947
1 48 0 8 -88.583420
12 67 0 8 -88.605186
5 54 0 8 -89.345528
11 69 0 8 -89.647881
5 78 0 8 -89.689125
4 51 0 8 -89.695557
26 70 0 8 -89.721230
48 62 0 8 -90.071297
43 66 0 8 -90.179466
11 64 0 8 -90.220688
1 54 0 8 -90.274132
10 74 0 8 -90.338127
50 63 0 8 -90.457825
10 50 0 8 -90.550278
43 81 0 8 -91.167908
73 81 0 8 -91.408768
65 69 0 8 -91.725243
48 61 0 8 -91.913971
1 65 0 8 -92.086929
52 63 0 8 -92.115967
11 77 0 8 -92.618126
27 71 0 8 -92.688606
27 49 0 8 -92.745491
5 77 0 8 -92.767815
3 58 0 8 -92.866249
1 68 0 8 -92.874931
2 61 0 8 -92.907211
5 55 0 8 -92.995163
68 72 0 8 -93.046448
5 56 0 8 -93.922539
27 81 0 8 -93.959877
1 53 0 8 -94.004105
47 59 0 8 -94.567818
26 56 0 8 -94.598656
6 74 0 8 -94.943802
55 81 0 8 -95.045242
11 59 0 8 -95.241348
45 68 0 8 -95.498283
5 73 0 8 -95.563660
11 65 0 8 -95.660408
27 50 0 8 -95.736526
10 63 0 8 -95.874451
28 80 0 8 -95.957458
45 59 0 8 -96.089157
46 59 0 8 -96.321175
11 78 0 8 -96.413170
2 55 0 8 -96.663200
11 62 0 8 -96.768303
1 56 0 8 -96.864304
26 60 0 8 -96.924004
3 78 0 8 -97.209763
10 75 0 8 -97.297668
13 78 0 8 -97.400070
45 80 0 8 -97.412430
55 79 0 8 -97.727943
44 60 0 8 -97.817192
43 59 0 8 -98.127907
11 74 0 8 -98.225853
5 60 0 8 -98.453651
43 67 0 8 -98.464684
11 60 0 8 -98.512901
5 71 0 8 -98.744225
71 81 0 8 -98.848618
26 79 0 8 -99.238899
47 70 0 8 -99.321602
10 78 0 8 -99.464600
10 62 0 8 -99.687645
43 64 0 8 -99.754517
28 58 0 8 -100.022377
10 77 0 8 -100.205002
46 67 0 8 -100.260544
5 76 0 8 -100.662689
43 68 0 8 -100.756996
3 63 0 8 -101.447762
50 65 0 8 -101.493050
27 68 0 8 -101.563873
52 64 0 8 -101.739693
51 64 0 8 -101.782326
3 52 0 8 -101.917137
42 67 0 8 -101.990051
45 70 0 8 -102.124245
43 69 0 8 -102.234337
3 50 0 8 -102.319534
1 67 0 8 -102.584496
49 80 0 8 -102.598389
27 58 0 8 -102.727043
58 64 0 8 -102.811615
28 64 0 8 -102.843765
4 59 0 8 -102.862259
43 63 0 8 -102.969055
69 79 0 8 -103.064728
4 71 0 8 -103.206154
5 79 0 8 -104.330246
42 61 0 8 -104.563866
44 67 0 8 -104.590630
42 80 0 8 -104.822105
66 82 0 8 -105.010941
43 61 0 8 -105.060730
44 65 0 8 -105.174026
44 69 0 8 -105.377007
11 56 0 8 -106.036209
2 57 0 8 -106.534203
53 64 0 8 -106.817856
53 82 0 8 -106.892189
4 72 0 8 -106.953094
49 64 0 8 -107.868835
44 66 0 8 -107.901871
5 75 0 8 -107.904213
27 69 0 8 -108.343170
2 71 0 8 -108.924973
44 61 0 8 -109.212494
46 70 0 8 -109.385643
2 56 0 8 -109.440018
68 73 0 8 -109.496803
3 80 0 8 -110.093903
42 60 0 8 -110.271988
47 67 0 8 -110.673401
2 82 0 8 -111.005486
46 64 0 8 -111.024246
4 52 0 8 -111.037270
50 64 0 8 -111.239037
27 52 0 8 -111.351143
2 80 0 8 -111.356445
45 61 0 8 -111.437119
42 66 0 8 -111.461090
28 50 0 8 -112.008400
10 76 0 8 -112.117729
27 56 0 8 -112.763123
45 66 0 8 -112.898369
46 69 0 8 -113.084930
2 58 0 8 -113.136856
4 81 0 8 -113.179665
71 80 0 8 -113.280540
44 72 0 8 -113.313286
5 74 0 8 -113.662621
52 65 0 8 -113.806015
47 80 0 8 -114.482071
45 69 0 8 -114.537117
11 79 0 8 -114.550446
26 62 0 8 -114.677391
44 81 0 8 -114.817329
45 73 0 8 -114.912750
4 61 0 8 -114.960777
68 74 0 8 -115.018997
56 81 0 8 -115.031242
46 66 0 8 -115.297302
3 65 0 8 -115.455978
46 63 0 8 -115.646179
2 79 0 8 -115.929909
44 73 0 8 -116.080559
47 66 0 8 -116.110550
42 71 0 8 -116.499779
10 64 0 8 -116.779549
47 65 0 8 -116.943398
46 60 0 8 -117.075134
47 60 0 8 -117.412872
4 76 0 8 -117.480087
47 63 0 8 -117.596573
51 65 0 8 -117.928802
53 65 0 8 -118.409714
44 63 0 8 -118.452454
56 78 0 8 -118.659630
44 64 0 8 -118.826347
57 73 0 8 -119.175514
3 77 0 8 -119.210678
42 70 0 8 -119.239937
62 82 0 8 -119.377151
10 79 0 8 -119.444542
10 60 0 8 -119.777260
44 70 0 8 -119.790283
28 53 0 8 -119.841232
51 82 0 8 -120.433632
27 55 0 8 -120.655502
45 63 0 8 -120.777504
47 72 0 8 -120.878113
28 52 0 8 -120.968407
45 64 0 8 -121.116531
45 62 0 8 -121.159302
56 82 0 8 -121.321487
46 65 0 8 -122.033440
47 76 0 8 -122.152191
52 82 0 8 -122.162872
4 63 0 8 -122.179672
2 27 0 8 -122.226891
48 66 0 8 -122.397598
1 75 0 8 -122.420151
42 72 0 8 -122.430450
43 60 0 8 -122.438171
4 27 0 8 -123.099754
42 63 0 8 -123.154388
28 61 0 8 -123.270966
49 82 0 8 -123.820183
28 62 0 8 -124.324844
1 66 0 8 -124.376419
42 65 0 8 -124.437294
43 62 0 8 -124.510231
63 82 0 8 -124.523140
47 64 0 8 -124.532043
43 70 0 8 -124.735245
1 63 0 8 -124.832054
49 66 0 8 -125.080566
47 78 0 8 -125.422447
47 61 0 8 -125.468544
2 81 0 8 -125.468605
45 71 0 8 -125.511742
53 66 0 8 -126.022385
55 74 0 8 -126.062744
52 68 0 8 -126.115364
43 73 0 8 -126.288658
46 62 0 8 -126.324677
65 81 0 8 -126.526314
44 71 0 8 -126.562996
51 66 0 8 -126.563286
56 77 0 8 -126.718269
67 82 0 8 -126.776405
46 73 0 8 -126.800835
4 74 0 8 -126.970551
46 74 0 8 -127.416580
73 82 0 8 -127.635902
44 76 0 8 -127.640785
53 79 0 8 -127.745766
42 73 0 8 -127.759125
45 60 0 8 -127.764885
2 66 0 8 -127.781067
49 65 0 8 -127.801163
57 82 0 8 -128.390091
54 82 0 8 -128.504807
50 79 0 8 -128.820343
47 79 0 8 -129.156769
45 65 0 8 -129.186035
47 75 0 8 -129.794540
47 71 0 8 -129.944427
48 65 0 8 -129.949142
27 51 0 8 -129.960831
44 75 0 8 -129.979401
28 51 0 8 -130.055283
47 77 0 8 -130.078918
59 82 0 8 -130.258102
47 62 0 8 -130.296188
50 82 0 8 -130.836105
46 61 0 8 -131.261719
43 74 0 8 -131.262482
59 81 0 8 -131.264633
47 69 0 8 -131.455963
42 74 0 8 -131.577423
51 79 0 8 -131.822250
42 69 0 8 -132.216156
28 56 0 8 -132.352554
3 54 0 8 -132.507584
46 72 0 8 -132.516418
27 53 0 8 -132.529617
48 81 0 8 -132.612869
48 80 0 8 -132.948608
4 57 0 8 -132.951065
46 71 0 8 -133.187714
70 80 0 8 -133.250046
27 82 0 8 -133.418945
60 82 0 8 -133.932281
27 61 0 8 -134.006241
70 82 0 8 -134.024521
3 51 0 8 -134.573166
43 76 0 8 -134.701691
43 71 0 8 -134.839798
58 68 0 8 -134.944824
57 81 0 8 -134.946579
1 80 0 8 -135.177185
3 71 0 8 -135.381699
44 79 0 8 -135.679596
44 62 0 8 -135.720215
4 73 0 8 -135.833893
2 74 0 8 -135.968277
57 80 0 8 -136.086136
1 76 0 8 -136.576904
50 66 0 8 -137.106018
47 73 0 8 -137.234528
43 75 0 8 -137.306976
2 63 0 8 -137.449158
27 73 0 8 -137.617966
1 60 0 8 -137.677521
42 62 0 8 -137.780792
1 62 0 8 -137.924973
43 72 0 8 -138.068756
67 81 0 8 -138.335953
45 75 0 8 -138.375046
42 64 0 8 -138.468430
42 77 0 8 -138.668411
58 82 0 8 -138.748489
45 72 0 8 -138.957108
45 77 0 8 -139.066284
3 56 0 8 -139.074036
28 75 0 8 -139.511978
2 59 0 8 -139.546600
64 69 0 8 -139.818954
47 74 0 8 -139.820648
46 76 0 8 -140.589783
60 80 0 8 -141.176376
44 77 0 8 -141.379654
45 76 0 8 -141.594131
1 74 0 8 -141.633804
61 80 0 8 -142.315628
48 64 0 8 -142.440094
59 71 0 8 -142.655838
57 70 0 8 -143.014465
28 55 0 8 -143.208801
57 76 0 8 -143.510254
3 76 0 8 -143.585648
42 76 0 8 -143.951523
55 71 0 8 -144.167282
49 79 0 8 -144.174210
46 75 0 8 -144.236206
42 75 0 8 -144.367432
61 81 0 8 -144.375198
4 60 0 8 -144.772400
52 81 0 8 -145.036926
69 81 0 8 -145.336700
45 78 0 8 -145.596893
52 66 0 8 -145.842834
57 75 0 8 -145.912506
44 78 0 8 -145.917877
55 76 0 8 -146.138504
43 77 0 8 -146.150375
54 66 0 8 -147.023636
59 72 0 8 -147.032288
46 79 0 8 -147.219666
45 79 0 8 -147.342270
28 73 0 8 -147.635864
28 54 0 8 -147.928055
2 69 0 8 -148.140717
2 77 0 8 -148.234497
42 78 0 8 -148.296814
55 75 0 8 -148.450333
3 73 0 8 -148.641708
55 66 0 8 -148.882736
28 76 0 8 -149.258743
67 80 0 8 -149.703156
70 81 0 8 -149.826187
68 82 0 8 -150.630615
46 77 0 8 -150.684204
28 72 0 8 -151.174026
3 55 0 8 -151.178207
3 69 0 8 -151.258347
45 74 0 8 -151.333664
43 79 0 8 -152.196365
42 79 0 8 -152.345108
52 80 0 8 -152.413132
3 82 0 8 -153.014236
3 68 0 8 -153.021530
43 78 0 8 -153.575333
50 81 0 8 -153.602753
59 80 0 8 -154.070328
44 74 0 8 -154.271332
57 71 0 8 -154.490372
60 69 0 8 -154.833496
1 64 0 8 -155.073975
49 68 0 8 -155.103897
58 69 0 8 -155.926544
4 62 0 8 -156.422440
46 78 0 8 -156.982864
54 81 0 8 -157.049316
1 58 0 8 -157.079056
27 72 0 8 -157.294144
2 78 0 8 -157.535446
4 56 0 8 -157.964188
48 67 0 8 -158.648422
49 81 0 8 -158.807709
28 71 0 8 -158.904892
48 70 0 8 -159.081497
3 72 0 8 -159.929749
2 62 0 8 -160.375061
53 67 0 8 -160.697830
64 70 0 8 -160.701721
57 72 0 8 -160.746399
71 82 0 8 -160.884277
27 54 0 8 -162.102448
2 70 0 8 -162.341141
4 55 0 8 -163.284714
4 75 0 8 -163.486130
4 78 0 8 -164.211243
27 77 0 8 -165.375534
57 65 0 8 -165.679871
62 69 0 8 -165.976624
4 64 0 8 -166.048279
50 80 0 8 -166.418854
62 81 0 8 -166.642044
28 79 0 8 -167.028015
49 67 0 8 -167.787949
57 66 0 8 -167.856949
3 70 0 8 -168.631561
52 79 0 8 -168.735825
66 71 0 8 -169.281693
2 73 0 8 -169.368103
51 68 0 8 -169.554810
48 73 0 8 -169.829880
1 73 0 8 -169.982605
59 73 0 8 -170.051514
53 68 0 8 -170.470200
48 68 0 8 -170.656082
53 81 0 8 -171.037262
57 69 0 8 -171.269623
52 67 0 8 -171.749420
3 75 0 8 -172.162323
65 73 0 8 -172.386795
57 79 0 8 -172.483902
4 77 0 8 -172.580856
56 70 0 8 -172.742462
50 68 0 8 -173.833755
48 71 0 8 -174.296783
27 60 0 8 -174.467834
64 80 0 8 -174.550354
51 67 0 8 -174.849777
28 60 0 8 -174.896286
48 79 0 8 -177.642471
2 65 0 8 -178.492554
58 81 0 8 -178.785431
1 72 0 8 -180.716980
48 69 0 8 -182.690628
48 72 0 8 -184.037201
27 75 0 8 -184.219193
57 77 0 8 -184.893677
54 71 0 8 -186.111481
48 74 0 8 -186.772385
53 80 0 8 -187.195877
28 74 0 8 -187.691742
54 68 0 8 -188.450546
60 81 0 8 -188.473007
49 78 0 8 -189.003311
51 81 0 8 -189.047226
1 59 0 8 -189.883041
57 67 0 8 -189.942245
27 78 0 8 -190.007965
64 81 0 8 -190.669647
1 61 0 8 -191.823914
53 78 0 8 -192.130280
58 80 0 8 -192.146652
55 67 0 8 -192.445236
51 80 0 8 -193.038681
56 68 0 8 -193.311386
53 77 0 8 -193.778900
49 77 0 8 -194.213013
64 73 0 8 -194.350876
50 74 0 8 -194.549484
57 78 0 8 -194.886749
63 69 0 8 -196.067352
66 81 0 8 -196.902435
54 67 0 8 -197.312622
59 67 0 8 -197.872620
66 73 0 8 -198.365067
52 78 0 8 -198.365067
67 72 0 8 -198.897202
48 77 0 8 -198.912918
48 78 0 8 -199.201935
54 77 0 8 -199.826523
52 69 0 8 -199.861282
58 70 0 8 -199.954865
56 69 0 8 -200.045609
56 74 0 8 -200.250244
67 73 0 8 -200.411041
3 74 0 8 -200.601517
48 76 0 8 -201.940231
66 80 0 8 -202.754013
1 79 0 8 -202.844543
48 75 0 8 -202.855377
50 67 0 8 -202.923737
54 70 0 8 -203.507324
59 75 0 8 -203.824203
49 72 0 8 -204.039551
50 73 0 8 -204.347931
54 78 0 8 -204.422211
49 73 0 8 -204.464706
52 72 0 8 -204.831207
50 77 0 8 -205.823471
55 72 0 8 -205.990707
51 78 0 8 -206.382187
52 77 0 8 -207.278427
58 73 0 8 -207.727203
51 77 0 8 -208.059921
61 69 0 8 -208.491119
50 78 0 8 -208.908279
54 73 0 8 -208.993820
50 69 0 8 -209.361328
59 70 0 8 -210.225723
65 72 0 8 -210.314514
59 69 0 8 -210.371078
27 70 0 8 -210.420990
2 72 0 8 -211.170746
63 80 0 8 -211.547668
55 73 0 8 -212.645676
61 70 0 8 -212.888107
53 70 0 8 -213.310043
2 60 0 8 -213.746567
67 74 0 8 -213.759598
60 73 0 8 -213.952164
66 72 0 8 -214.832443
53 73 0 8 -215.732819
59 77 0 8 -216.798508
49 69 0 8 -217.007492
49 71 0 8 -217.511581
53 69 0 8 -217.649780
27 76 0 8 -217.733887
50 71 0 8 -217.910507
68 76 0 8 -218.048141
59 74 0 8 -218.117126
60 71 0 8 -218.259842
54 74 0 8 -218.304810
52 70 0 8 -218.799332
53 71 0 8 -218.830261
61 71 0 8 -219.572845
60 70 0 8 -220.072083
58 72 0 8 -221.163422
49 76 0 8 -221.299774
51 76 0 8 -221.335098
49 75 0 8 -221.736099
63 70 0 8 -222.326294
63 79 0 8 -222.404602
56 80 0 8 -222.625427
64 79 0 8 -222.983368
53 74 0 8 -223.125000
27 79 0 8 -223.521759
56 73 0 8 -223.789688
65 74 0 8 -223.835144
50 76 0 8 -224.845871
58 71 0 8 -225.993027
59 79 0 8 -226.017105
52 73 0 8 -226.976166
54 72 0 8 -227.384613
51 73 0 8 -227.730789
51 75 0 8 -227.731155
61 73 0 8 -227.735443
51 72 0 8 -227.752640
49 70 0 8 -228.054047
50 75 0 8 -228.159012
59 76 0 8 -228.608200
65 80 0 8 -228.656570
62 71 0 8 -229.375565
59 68 0 8 -229.530716
52 75 0 8 -229.766464
68 75 0 8 -229.982834
56 79 0 8 -230.158798
53 76 0 8 -231.485199
58 79 0 8 -231.689835
66 74 0 8 -231.747452
59 78 0 8 -231.830643
53 75 0 8 -232.435944
62 73 0 8 -232.652740
51 74 0 8 -233.106873
52 71 0 8 -233.274689
51 70 0 8 -234.657608
50 72 0 8 -234.793259
62 70 0 8 -235.006485
52 76 0 8 -235.144577
27 74 0 8 -235.264389
64 72 0 8 -236.607666
56 71 0 8 -237.462418
53 72 0 8 -237.954285
50 70 0 8 -238.891693
65 75 0 8 -239.578720
56 76 0 8 -239.629593
61 79 0 8 -240.057144
68 77 0 8 -240.203751
51 71 0 8 -240.334442
67 78 0 8 -240.432297
52 74 0 8 -240.675278
62 72 0 8 -240.858353
49 74 0 8 -241.340652
64 71 0 8 -242.726364
54 76 0 8 -242.821991
65 76 0 8 -242.980347
63 73 0 8 -244.865433
63 77 0 8 -245.172958
60 79 0 8 -245.205627
56 75 0 8 -245.450317
67 77 0 8 -245.706070
65 71 0 8 -245.821304
60 74 0 8 -247.157486
58 74 0 8 -248.234909
61 77 0 8 -248.651489
65 78 0 8 -248.928299
62 79 0 8 -249.086166
63 71 0 8 -249.131500
60 77 0 8 -249.288940
54 75 0 8 -249.328598
60 72 0 8 -249.396515
68 78 0 8 -249.561218
51 69 0 8 -249.572128
62 80 0 8 -249.758713
54 69 0 8 -249.897751
58 75 0 8 -249.942184
63 78 0 8 -251.367416
58 77 0 8 -251.545242
63 74 0 8 -253.411118
67 75 0 8 -254.521133
60 78 0 8 -255.542801
67 76 0 8 -258.151672
63 75 0 8 -258.211182
58 76 0 8 -259.119537
61 78 0 8 -259.179596
64 74 0 8 -259.807373
61 72 0 8 -260.778748
63 72 0 8 -261.166412
66 78 0 8 -262.407257
66 79 0 8 -262.417358
56 72 0 8 -264.895264
61 74 0 8 -265.734375
67 79 0 8 -266.435547
65 77 0 8 -266.729462
58 78 0 8 -266.885468
66 77 0 8 -267.282959
60 75 0 8 -268.022491
66 75 0 8 -269.766724
62 78 0 8 -270.067322
64 75 0 8 -270.785828
60 76 0 8 -270.837799
64 76 0 8 -271.286041
63 76 0 8 -271.755310
61 75 0 8 -272.739105
65 79 0 8 -274.094116
62 77 0 8 -274.213135
62 74 0 8 -276.776215
66 76 0 8 -277.015991
61 76 0 8 -277.567200
64 77 0 8 -279.092072
62 75 0 8 -280.625000
62 76 0 8 -282.442566
64 78 0 8 -283.149170
55 77 0 8 -287.836487
55 78 0 8 -290.865997
55 70 0 8 -310.109894
