82 83 0 8 3635.327148
84 85 0 8 2898.976318
90 91 0 8 2737.528564
87 88 0 8 2466.166748
27 28 0 8 2374.753662
88 89 0 8 2355.756348
85 86 0 8 2348.790771
76 77 0 8 2322.166260
70 71 0 8 2305.352539
72 73 0 8 2286.317627
80 81 0 8 2268.491699
86 87 0 8 2259.471680
89 90 0 8 2230.876465
1 2 0 8 2205.253662
77 78 0 8 2005.619995
81 82 0 8 1950.753540
76 78 0 8 1876.503174
75 76 0 8 1779.538574
73 74 0 8 1777.195679
71 72 0 8 1740.605591
75 77 0 8 1682.100220
78 79 0 8 1617.292480
68 69 0 8 1545.467773
75 78 0 8 1491.995605
84 86 0 8 1481.491943
2 3 0 8 1433.282104
74 75 0 8 1397.140503
77 79 0 8 1342.407104
3 4 0 8 1320.489868
85 87 0 8 1274.726807
87 89 0 8 1263.781494
4 5 0 8 1215.825562
76 79 0 8 1195.233643
79 80 0 8 1144.040649
86 88 0 8 1094.765137
83 84 0 8 1078.112305
69 70 0 8 1077.680298
6 7 0 8 1064.001099
12 13 0 8 1054.982056
81 83 0 8 1047.368652
75 79 0 8 1046.936890
88 90 0 8 1034.594727
66 67 0 8 1025.560059
67 68 0 8 1001.248474
14 15 0 8 984.596069
47 49 0 8 967.336853
7 8 0 8 939.056213
6 8 0 8 920.091309
89 91 0 8 887.664368
5 7 0 8 880.051758
80 82 0 8 867.062256
8 9 0 8 865.664429
5 6 0 8 860.830383
61 63 0 8 856.504639
11 26 0 8 851.355103
25 26 0 8 833.428345
73 78 0 8 813.112305
7 9 0 8 793.910583
12 15 0 8 783.865173
1 3 0 8 776.945374
6 9 0 8 775.200806
10 12 0 8 764.899719
74 78 0 8 763.218567
5 8 0 8 757.165771
3 5 0 8 747.094360
65 66 0 8 746.469360
61 62 0 8 740.258423
47 48 0 8 730.476135
73 77 0 8 719.777832
83 85 0 8 696.922424
67 69 0 8 694.578674
71 74 0 8 690.073242
4 7 0 8 689.553223
73 76 0 8 686.404480
13 14 0 8 683.106812
73 75 0 8 670.085693
4 6 0 8 668.678955
74 77 0 8 667.674500
10 13 0 8 658.051575
5 9 0 8 653.733582
41 42 0 8 646.583435
61 64 0 8 646.570068
19 21 0 8 632.334290
16 17 0 8 625.620911
84 87 0 8 609.815369
62 63 0 8 604.312500
12 14 0 8 604.136902
60 64 0 8 604.062744
63 64 0 8 602.516174
33 85 0 8 600.239075
13 15 0 8 598.938904
20 21 0 8 598.930054
74 76 0 8 598.373657
65 67 0 8 586.394287
33 86 0 8 585.981689
61 66 0 8 582.789551
32 33 0 8 582.013916
87 90 0 8 581.431702
4 8 0 8 579.898560
19 20 0 8 578.406311
14 17 0 8 577.723450
63 66 0 8 572.322693
15 17 0 8 571.587097
10 11 0 8 559.991211
25 87 0 8 551.886780
68 70 0 8 551.838379
65 68 0 8 535.347473
44 45 0 8 534.088989
14 16 0 8 533.235413
79 81 0 8 532.382507
9 10 0 8 530.546204
55 56 0 8 529.185242
82 84 0 8 525.645203
72 74 0 8 524.824402
11 25 0 8 522.522705
78 80 0 8 518.206848
86 89 0 8 514.375793
62 66 0 8 514.090698
15 16 0 8 513.467407
46 48 0 8 512.503418
11 12 0 8 510.926147
58 59 0 8 504.418915
76 80 0 8 502.763916
18 21 0 8 501.867035
34 35 0 8 500.965515
4 9 0 8 498.607025
32 84 0 8 497.685272
8 10 0 8 495.331085
25 88 0 8 485.519989
43 44 0 8 479.995819
21 22 0 8 479.922760
18 19 0 8 476.952637
77 80 0 8 470.191162
64 65 0 8 468.035919
46 47 0 8 464.793488
52 53 0 8 464.646149
61 67 0 8 463.542389
48 49 0 8 460.246338
19 22 0 8 460.224121
63 67 0 8 459.630127
73 79 0 8 456.055511
49 60 0 8 455.598785
47 60 0 8 455.422760
48 55 0 8 454.347168
2 4 0 8 454.264862
66 68 0 8 452.839935
7 10 0 8 448.836487
39 40 0 8 443.699005
38 39 0 8 442.528412
61 65 0 8 440.237183
20 22 0 8 440.067200
62 64 0 8 438.510803
18 20 0 8 436.911835
38 40 0 8 434.869781
74 82 0 8 434.650269
32 85 0 8 432.566071
63 65 0 8 430.530273
9 12 0 8 430.483856
49 55 0 8 430.413757
58 61 0 8 425.597382
6 10 0 8 424.922058
42 43 0 8 420.698547
39 41 0 8 418.699768
10 23 0 8 418.578644
40 41 0 8 416.643188
46 56 0 8 415.822510
85 88 0 8 412.574310
53 55 0 8 410.333832
38 41 0 8 409.108398
52 55 0 8 408.756195
3 7 0 8 408.419556
53 54 0 8 406.963806
52 54 0 8 405.323700
47 55 0 8 402.942108
22 31 0 8 397.879547
5 10 0 8 396.952332
26 87 0 8 391.140747
16 33 0 8 388.598022
3 6 0 8 386.591583
67 70 0 8 381.430359
8 12 0 8 381.053192
59 60 0 8 380.289398
65 69 0 8 378.818878
25 30 0 8 377.171600
23 24 0 8 376.529175
13 17 0 8 369.618805
24 30 0 8 368.055725
64 66 0 8 366.448273
2 60 0 8 364.255249
60 62 0 8 362.528534
58 63 0 8 362.502167
1 91 0 8 362.208038
86 90 0 8 357.372681
50 63 0 8 357.017548
62 67 0 8 355.575836
7 12 0 8 351.869171
24 25 0 8 349.824860
26 88 0 8 349.255188
24 31 0 8 348.335938
11 20 0 8 347.969086
23 31 0 8 345.375305
72 78 0 8 345.085022
33 35 0 8 342.030792
69 72 0 8 341.634705
60 61 0 8 338.969055
23 30 0 8 338.749573
32 86 0 8 338.654022
53 56 0 8 337.339600
40 42 0 8 337.289093
3 8 0 8 337.265717
39 42 0 8 336.414978
74 79 0 8 335.841339
52 56 0 8 335.716644
80 83 0 8 331.945526
6 12 0 8 329.728119
59 67 0 8 329.639008
24 29 0 8 327.919891
60 63 0 8 327.855713
18 22 0 8 327.802979
83 86 0 8 325.895447
38 42 0 8 325.099701
35 36 0 8 324.880402
34 36 0 8 322.514191
21 31 0 8 320.136230
9 13 0 8 317.791138
50 51 0 8 316.721252
4 12 0 8 315.962769
59 63 0 8 314.213165
41 43 0 8 312.397644
17 18 0 8 312.353394
23 29 0 8 309.193115
75 80 0 8 308.828857
59 61 0 8 308.750641
74 83 0 8 306.935760
45 51 0 8 305.397491
22 33 0 8 304.607147
20 31 0 8 302.980103
58 62 0 8 302.769989
9 17 0 8 302.441986
19 31 0 8 300.210815
44 51 0 8 296.574005
72 77 0 8 296.553467
31 35 0 8 296.446442
9 16 0 8 295.235565
66 69 0 8 294.127869
2 5 0 8 293.564941
31 34 0 8 292.881897
25 29 0 8 289.892792
13 16 0 8 289.213348
11 82 0 8 288.534210
43 51 0 8 286.323761
45 50 0 8 285.512573
46 51 0 8 282.869934
72 76 0 8 281.637878
51 53 0 8 281.417419
82 85 0 8 280.196136
51 52 0 8 280.012054
8 13 0 8 279.930664
54 55 0 8 277.779724
59 62 0 8 277.100403
16 18 0 8 276.721497
17 21 0 8 275.925934
12 17 0 8 275.191864
1 4 0 8 274.227661
8 17 0 8 274.167755
43 50 0 8 273.374329
44 50 0 8 273.063507
19 29 0 8 271.048828
3 9 0 8 269.858276
22 32 0 8 269.057922
49 50 0 8 266.897461
31 33 0 8 265.994781
48 51 0 8 265.910187
24 28 0 8 265.869690
62 65 0 8 265.408783
17 19 0 8 265.109131
8 16 0 8 264.368317
46 50 0 8 263.609070
50 53 0 8 263.573700
24 26 0 8 262.742004
50 52 0 8 262.487091
32 35 0 8 262.467987
49 51 0 8 261.943207
33 84 0 8 260.981964
22 35 0 8 260.088135
43 45 0 8 260.021210
58 83 0 8 259.817261
22 24 0 8 258.092651
9 11 0 8 257.453888
45 53 0 8 257.107544
63 68 0 8 255.676163
45 52 0 8 255.568558
5 11 0 8 255.289001
22 34 0 8 254.756073
25 31 0 8 254.751450
7 13 0 8 254.514023
14 18 0 8 253.985840
48 50 0 8 253.241165
45 46 0 8 253.015686
22 23 0 8 250.571274
44 46 0 8 250.441208
44 53 0 8 249.643448
47 50 0 8 249.613785
51 54 0 8 248.584259
44 52 0 8 248.235931
58 60 0 8 247.242508
4 13 0 8 247.001083
61 68 0 8 246.455536
56 59 0 8 246.245499
15 18 0 8 245.610580
5 12 0 8 245.488480
32 34 0 8 245.109909
72 75 0 8 244.764008
10 82 0 8 244.597321
88 91 0 8 242.252899
65 70 0 8 242.065201
84 88 0 8 241.337555
47 51 0 8 240.805359
43 53 0 8 240.153854
51 55 0 8 239.278992
18 30 0 8 238.986313
43 52 0 8 238.664780
7 17 0 8 238.283035
13 19 0 8 237.412094
46 53 0 8 236.402710
46 52 0 8 235.047302
6 13 0 8 234.627487
13 29 0 8 233.854370
18 24 0 8 233.825150
21 33 0 8 233.735229
16 21 0 8 233.214767
50 54 0 8 232.465271
43 46 0 8 232.379715
43 48 0 8 231.724915
50 55 0 8 231.676102
44 48 0 8 229.690338
45 48 0 8 229.507874
9 20 0 8 229.098770
1 57 0 8 228.113251
53 60 0 8 228.025192
75 81 0 8 226.508148
52 60 0 8 226.150055
33 87 0 8 226.102219
64 67 0 8 225.722794
7 16 0 8 225.069214
16 19 0 8 224.862946
12 16 0 8 224.786835
33 34 0 8 224.582184
20 33 0 8 223.519058
9 14 0 8 223.097961
64 68 0 8 222.458313
1 89 0 8 222.420181
59 64 0 8 221.469254
11 13 0 8 221.396881
18 23 0 8 220.391907
24 33 0 8 219.878433
71 73 0 8 219.712921
6 17 0 8 219.598236
25 86 0 8 219.158768
8 11 0 8 218.877777
22 30 0 8 218.680267
4 11 0 8 218.123535
14 21 0 8 217.913803
58 64 0 8 217.612137
11 83 0 8 217.133530
9 15 0 8 217.016266
10 17 0 8 216.373444
48 53 0 8 213.278015
48 52 0 8 211.903854
1 79 0 8 210.671234
4 14 0 8 210.146103
45 54 0 8 209.930634
46 57 0 8 209.849075
54 70 0 8 209.359131
45 49 0 8 209.018402
45 55 0 8 207.775803
54 56 0 8 207.417511
8 20 0 8 206.458710
19 33 0 8 205.599228
53 59 0 8 205.598160
6 16 0 8 205.109711
26 84 0 8 205.103073
60 66 0 8 204.389618
52 59 0 8 204.122299
44 54 0 8 203.589844
82 86 0 8 203.458786
21 32 0 8 201.369659
57 79 0 8 201.229156
21 35 0 8 200.906784
12 29 0 8 200.336777
15 21 0 8 199.829285
57 60 0 8 199.145737
56 57 0 8 198.827484
45 57 0 8 197.508453
18 31 0 8 196.274185
46 54 0 8 196.106567
12 20 0 8 195.968750
43 54 0 8 195.898300
1 27 0 8 195.761322
62 68 0 8 195.120407
8 14 0 8 194.777496
2 91 0 8 194.772842
7 11 0 8 194.226730
51 56 0 8 194.046692
23 28 0 8 193.413834
24 36 0 8 191.935791
44 55 0 8 191.777130
43 55 0 8 191.584564
19 35 0 8 190.993301
49 53 0 8 190.734207
21 34 0 8 190.130569
49 52 0 8 190.118637
23 33 0 8 190.006897
59 69 0 8 189.896210
58 66 0 8 189.593445
20 35 0 8 189.347977
20 32 0 8 188.709473
46 49 0 8 188.532150
45 47 0 8 188.130630
44 49 0 8 187.033112
8 15 0 8 185.904999
50 56 0 8 185.506653
4 10 0 8 185.404129
19 32 0 8 184.070007
37 39 0 8 183.806015
18 25 0 8 183.668533
24 32 0 8 181.615417
4 15 0 8 181.103836
19 34 0 8 181.090195
32 87 0 8 181.021225
48 56 0 8 180.748032
52 57 0 8 180.743942
45 56 0 8 179.580536
20 34 0 8 179.271027
71 75 0 8 178.885574
22 29 0 8 178.706039
26 29 0 8 178.530487
6 11 0 8 177.664703
5 13 0 8 177.595047
11 19 0 8 177.144333
71 78 0 8 177.010254
17 20 0 8 176.589172
44 47 0 8 176.077209
46 55 0 8 176.072189
54 72 0 8 175.803146
47 53 0 8 175.707474
47 52 0 8 175.238251
7 20 0 8 174.950607
37 38 0 8 173.985352
43 49 0 8 173.848068
10 20 0 8 173.841873
22 25 0 8 173.598572
37 40 0 8 173.103973
21 24 0 8 173.061035
53 57 0 8 172.513153
3 56 0 8 170.889145
33 36 0 8 170.856964
43 47 0 8 170.563309
5 17 0 8 170.275574
17 22 0 8 169.255661
30 36 0 8 168.791336
31 32 0 8 166.729401
53 58 0 8 166.558746
55 60 0 8 165.247849
59 66 0 8 163.967270
7 14 0 8 163.800629
21 23 0 8 162.874268
26 31 0 8 162.820084
37 41 0 8 162.753372
19 23 0 8 162.263474
23 36 0 8 161.246307
7 15 0 8 161.213806
31 36 0 8 160.735916
11 21 0 8 159.667465
21 30 0 8 159.430603
54 60 0 8 158.581451
14 19 0 8 158.569031
48 54 0 8 157.364838
25 36 0 8 157.185425
6 20 0 8 156.629868
44 57 0 8 156.572510
18 29 0 8 155.316879
10 16 0 8 153.714554
19 24 0 8 153.578171
4 91 0 8 153.341354
30 85 0 8 152.970657
16 20 0 8 152.822083
37 42 0 8 152.513443
10 80 0 8 152.367920
29 36 0 8 152.119705
27 79 0 8 150.312042
52 58 0 8 149.890228
1 88 0 8 149.005768
51 64 0 8 148.204437
19 30 0 8 146.121140
44 56 0 8 146.111786
30 31 0 8 146.007324
78 81 0 8 145.778320
51 65 0 8 145.650925
64 69 0 8 144.972794
23 32 0 8 144.547592
66 70 0 8 144.099075
6 14 0 8 143.770935
20 24 0 8 142.179199
10 85 0 8 141.768845
24 35 0 8 141.463867
45 64 0 8 141.030716
6 15 0 8 140.750732
61 69 0 8 140.717514
24 34 0 8 140.202637
57 58 0 8 139.441498
23 25 0 8 139.219559
54 59 0 8 138.811966
28 72 0 8 137.932251
71 77 0 8 137.541916
28 36 0 8 136.906357
36 37 0 8 136.591019
14 20 0 8 136.477173
20 23 0 8 136.101181
26 30 0 8 135.939011
5 16 0 8 135.436249
20 30 0 8 134.969940
3 55 0 8 134.022446
16 22 0 8 133.802338
69 71 0 8 133.725082
84 90 0 8 132.933121
11 17 0 8 132.741867
42 51 0 8 131.373795
1 71 0 8 130.699265
49 54 0 8 130.568268
30 33 0 8 130.232025
14 22 0 8 129.510452
24 27 0 8 129.397522
47 56 0 8 128.821136
22 28 0 8 128.714645
50 65 0 8 128.604095
25 33 0 8 127.257767
42 50 0 8 126.985710
45 65 0 8 126.948425
18 27 0 8 126.797180
23 34 0 8 123.536804
27 36 0 8 122.927391
55 59 0 8 122.314964
29 84 0 8 122.150139
5 20 0 8 121.590706
32 36 0 8 121.383270
57 66 0 8 121.314842
22 27 0 8 120.741249
69 73 0 8 120.241676
77 81 0 8 120.014893
26 37 0 8 119.875298
48 64 0 8 119.857628
81 84 0 8 119.776321
18 28 0 8 119.434059
15 19 0 8 118.915672
59 68 0 8 118.836395
1 90 0 8 117.916969
23 35 0 8 117.887047
63 69 0 8 117.510300
47 54 0 8 117.417198
1 5 0 8 117.336792
26 36 0 8 116.866547
29 30 0 8 116.673363
53 65 0 8 116.229118
28 37 0 8 115.039886
15 22 0 8 114.498314
84 89 0 8 114.402725
56 70 0 8 114.291412
2 7 0 8 114.125854
49 56 0 8 113.772438
42 46 0 8 113.264915
51 61 0 8 112.608528
32 39 0 8 112.590172
1 28 0 8 112.353607
52 65 0 8 111.422119
42 45 0 8 110.630455
15 20 0 8 109.618629
44 64 0 8 109.300591
9 18 0 8 108.589127
32 88 0 8 108.547165
50 64 0 8 108.506248
43 56 0 8 108.474152
51 63 0 8 108.040894
28 30 0 8 107.816055
44 65 0 8 107.350914
35 37 0 8 106.891533
29 35 0 8 105.761169
34 37 0 8 105.116638
29 34 0 8 105.016678
30 35 0 8 104.736115
46 65 0 8 104.601997
25 28 0 8 103.800674
57 68 0 8 103.637573
33 88 0 8 103.563774
13 18 0 8 103.519814
2 49 0 8 103.471245
55 58 0 8 103.323357
11 23 0 8 102.983559
11 59 0 8 102.696297
27 58 0 8 102.036293
54 64 0 8 101.554764
17 23 0 8 101.432976
9 19 0 8 101.421684
48 65 0 8 101.317459
26 59 0 8 101.069923
45 63 0 8 101.014175
45 61 0 8 100.616074
51 66 0 8 100.596207
32 38 0 8 100.058594
29 31 0 8 99.991829
58 65 0 8 99.953453
52 64 0 8 99.097336
42 53 0 8 99.070915
57 67 0 8 98.952080
32 40 0 8 98.871437
10 29 0 8 98.794479
42 48 0 8 97.840675
71 76 0 8 97.403625
18 26 0 8 97.208588
60 67 0 8 96.329704
50 66 0 8 96.196289
2 47 0 8 95.881813
30 34 0 8 95.842644
51 60 0 8 95.559586
22 36 0 8 95.536728
8 18 0 8 95.472038
51 62 0 8 95.282372
27 35 0 8 94.224037
68 72 0 8 94.204941
42 52 0 8 94.010010
87 91 0 8 93.985130
56 58 0 8 93.979500
2 6 0 8 93.816353
36 39 0 8 93.597672
25 85 0 8 93.320854
21 27 0 8 93.192833
62 69 0 8 93.010612
53 64 0 8 92.122681
21 25 0 8 91.930244
17 24 0 8 91.913269
25 32 0 8 91.724785
26 33 0 8 91.415535
43 65 0 8 91.325500
42 44 0 8 91.304420
42 54 0 8 91.284798
9 21 0 8 90.965378
43 64 0 8 90.912140
50 61 0 8 90.770279
1 80 0 8 90.110977
59 65 0 8 89.851929
67 72 0 8 89.113098
45 62 0 8 89.070076
73 80 0 8 88.544312
76 81 0 8 88.171227
21 29 0 8 86.936165
26 27 0 8 86.353317
27 34 0 8 85.592110
5 14 0 8 85.260658
36 38 0 8 84.903473
20 27 0 8 84.549835
28 35 0 8 84.401131
44 63 0 8 84.283363
54 65 0 8 83.966553
8 19 0 8 83.962288
10 14 0 8 83.787239
51 59 0 8 83.721680
46 64 0 8 83.505592
36 40 0 8 83.370552
48 63 0 8 83.307106
5 15 0 8 81.966446
30 59 0 8 81.798286
50 60 0 8 81.319054
11 18 0 8 81.241554
4 17 0 8 81.200546
25 35 0 8 81.187202
18 36 0 8 81.067551
2 72 0 8 80.121193
11 81 0 8 79.719246
11 16 0 8 78.548828
18 33 0 8 78.513649
50 59 0 8 78.348228
32 41 0 8 77.858353
57 65 0 8 77.807999
29 32 0 8 77.765846
14 23 0 8 77.051888
2 8 0 8 76.921028
45 66 0 8 75.936546
44 61 0 8 75.839592
51 57 0 8 75.741913
8 21 0 8 75.647774
42 47 0 8 75.219482
4 20 0 8 74.554871
3 10 0 8 74.002251
3 12 0 8 73.968666
17 30 0 8 73.819046
30 37 0 8 73.727318
51 58 0 8 73.236717
28 34 0 8 72.888382
22 26 0 8 72.748520
44 62 0 8 72.652245
10 18 0 8 71.910881
15 24 0 8 71.393822
13 21 0 8 71.332146
17 31 0 8 71.188614
23 27 0 8 71.098351
7 18 0 8 70.964554
27 75 0 8 70.821609
11 91 0 8 70.574722
3 91 0 8 70.448662
19 25 0 8 70.379944
29 33 0 8 70.226608
43 66 0 8 69.523582
18 32 0 8 69.352280
51 67 0 8 69.293106
35 39 0 8 69.145554
45 60 0 8 68.859467
36 41 0 8 68.855713
27 31 0 8 68.562706
42 49 0 8 68.369713
34 39 0 8 68.354904
43 63 0 8 67.975578
55 65 0 8 67.706566
25 34 0 8 67.672394
44 66 0 8 67.463913
15 23 0 8 67.250374
38 54 0 8 66.890907
27 33 0 8 66.524307
42 55 0 8 66.466850
32 42 0 8 66.449593
34 38 0 8 66.387993
14 24 0 8 66.386108
50 67 0 8 66.366447
69 80 0 8 65.808640
10 19 0 8 65.652000
14 30 0 8 65.539192
15 29 0 8 65.408730
13 84 0 8 65.316429
34 40 0 8 65.182144
46 61 0 8 65.167397
17 27 0 8 63.955181
50 68 0 8 63.764622
2 89 0 8 63.688484
1 58 0 8 63.312996
55 64 0 8 63.259163
24 37 0 8 63.058487
48 61 0 8 63.033340
51 68 0 8 63.001919
27 37 0 8 62.422684
46 62 0 8 62.394043
52 66 0 8 61.854988
14 31 0 8 61.757679
46 63 0 8 61.368366
53 66 0 8 61.280956
48 62 0 8 61.109791
44 70 0 8 60.979916
58 72 0 8 60.378716
20 29 0 8 60.137848
64 70 0 8 60.105106
7 19 0 8 59.835102
27 72 0 8 59.740467
63 70 0 8 59.311768
38 56 0 8 59.127823
1 70 0 8 59.121857
32 74 0 8 59.104553
48 60 0 8 58.998447
13 26 0 8 58.964642
35 38 0 8 58.732578
43 61 0 8 58.471668
39 49 0 8 58.311405
10 81 0 8 58.136284
36 42 0 8 58.102062
20 25 0 8 58.006527
30 32 0 8 57.968327
48 66 0 8 57.956322
2 9 0 8 57.647694
9 27 0 8 57.461288
83 87 0 8 57.381664
58 67 0 8 57.363014
45 68 0 8 57.248802
54 58 0 8 57.174652
40 46 0 8 57.082851
16 24 0 8 56.638470
50 57 0 8 56.106476
53 61 0 8 55.959892
45 70 0 8 55.711849
21 28 0 8 55.682068
7 21 0 8 55.579082
10 15 0 8 55.427509
35 40 0 8 55.031071
16 23 0 8 54.556767
13 28 0 8 54.550648
34 41 0 8 54.183647
6 18 0 8 53.989132
2 77 0 8 53.604187
23 37 0 8 53.581741
1 43 0 8 53.539845
12 18 0 8 53.072388
26 34 0 8 52.769413
30 58 0 8 52.511295
52 61 0 8 52.462418
10 83 0 8 52.161472
38 49 0 8 52.145035
45 58 0 8 51.915730
13 87 0 8 51.910172
28 33 0 8 51.908138
60 82 0 8 51.748459
54 61 0 8 51.333099
39 51 0 8 50.930008
40 49 0 8 50.649681
29 37 0 8 50.520130
39 46 0 8 50.317745
39 47 0 8 50.248421
53 68 0 8 49.725857
53 63 0 8 49.336063
49 65 0 8 49.194393
3 14 0 8 48.771503
15 27 0 8 48.549526
26 80 0 8 48.486370
52 63 0 8 48.424644
2 59 0 8 48.420380
60 65 0 8 48.086475
45 59 0 8 47.462429
72 79 0 8 47.445717
40 51 0 8 47.181343
41 58 0 8 47.015007
38 46 0 8 46.893963
34 86 0 8 46.614346
40 47 0 8 46.485657
26 86 0 8 46.082775
44 68 0 8 45.920849
32 89 0 8 45.909359
46 66 0 8 45.890724
3 13 0 8 45.792744
34 42 0 8 45.397778
35 41 0 8 45.234737
29 62 0 8 45.219795
79 82 0 8 44.878948
38 51 0 8 44.786232
30 39 0 8 44.685627
54 62 0 8 44.655411
53 62 0 8 44.608719
59 70 0 8 44.568485
11 22 0 8 44.313988
62 87 0 8 44.068584
48 59 0 8 43.667007
42 59 0 8 43.582924
73 83 0 8 43.565327
11 29 0 8 42.503128
26 35 0 8 42.233170
41 59 0 8 42.142101
39 50 0 8 41.980408
40 50 0 8 41.976097
27 42 0 8 41.948471
55 63 0 8 41.771133
52 68 0 8 41.687004
6 19 0 8 41.527710
28 31 0 8 41.004963
1 83 0 8 40.937920
30 40 0 8 40.860580
57 84 0 8 40.689575
44 60 0 8 40.131035
48 68 0 8 39.845802
31 37 0 8 39.806187
16 31 0 8 39.732700
58 81 0 8 39.419773
48 58 0 8 39.384457
49 64 0 8 39.348915
42 56 0 8 39.031311
8 91 0 8 39.000347
2 78 0 8 38.956371
39 53 0 8 38.949757
52 62 0 8 38.600548
3 16 0 8 38.579784
17 36 0 8 38.441597
47 64 0 8 38.389286
54 66 0 8 38.129158
29 39 0 8 38.122921
43 62 0 8 37.820751
6 21 0 8 37.701820
38 47 0 8 37.535233
10 25 0 8 37.526737
70 74 0 8 37.451141
40 43 0 8 37.440720
40 44 0 8 37.258293
18 35 0 8 37.175797
57 72 0 8 36.853813
37 57 0 8 36.752083
39 45 0 8 35.903442
33 37 0 8 35.713310
25 27 0 8 35.639156
40 56 0 8 35.631725
28 32 0 8 35.527725
46 60 0 8 35.502850
19 28 0 8 35.492134
42 58 0 8 35.429916
52 67 0 8 35.295219
38 50 0 8 35.241768
43 59 0 8 35.241722
53 67 0 8 35.187069
8 27 0 8 35.009663
19 26 0 8 34.986881
57 71 0 8 34.750580
47 65 0 8 34.410618
16 30 0 8 34.387978
57 64 0 8 34.248432
40 53 0 8 34.012062
43 75 0 8 33.956757
17 29 0 8 33.903770
54 63 0 8 33.833992
52 69 0 8 33.811218
21 36 0 8 33.710857
15 31 0 8 33.657547
5 18 0 8 33.649555
44 67 0 8 33.648834
15 30 0 8 33.600925
3 27 0 8 33.576637
4 16 0 8 33.555534
56 65 0 8 33.226582
40 48 0 8 32.494736
35 42 0 8 32.324665
39 48 0 8 32.295570
38 53 0 8 32.104362
39 44 0 8 31.949553
45 67 0 8 31.807123
39 54 0 8 31.481407
40 45 0 8 31.390310
42 57 0 8 31.343037
50 58 0 8 31.315798
40 55 0 8 30.859703
46 67 0 8 30.851988
15 36 0 8 30.737799
38 45 0 8 30.583035
24 40 0 8 30.542418
23 84 0 8 29.872272
38 48 0 8 29.835337
39 52 0 8 29.634892
46 68 0 8 29.234875
19 36 0 8 29.181866
58 71 0 8 29.045620
38 44 0 8 28.953026
40 54 0 8 28.902721
43 60 0 8 28.751335
32 91 0 8 28.629366
38 52 0 8 28.465071
60 72 0 8 28.406956
39 43 0 8 28.373438
51 69 0 8 28.361355
1 14 0 8 28.293764
25 37 0 8 28.176706
9 22 0 8 28.159620
40 60 0 8 27.995501
43 68 0 8 27.745090
29 40 0 8 27.631773
40 58 0 8 27.576277
39 55 0 8 27.452076
85 89 0 8 27.392159
12 28 0 8 26.941635
55 62 0 8 26.749283
43 58 0 8 26.579945
38 43 0 8 26.416981
61 70 0 8 26.297359
11 35 0 8 26.143904
50 69 0 8 25.841385
43 67 0 8 25.835499
18 34 0 8 25.675482
5 19 0 8 25.670181
55 57 0 8 25.505859
3 20 0 8 25.487318
11 34 0 8 25.468626
38 55 0 8 25.422634
41 46 0 8 25.194242
14 36 0 8 25.093714
12 91 0 8 24.888203
3 11 0 8 24.369463
40 52 0 8 24.081383
41 50 0 8 23.746185
39 60 0 8 23.661219
39 56 0 8 23.534552
59 83 0 8 23.232706
43 57 0 8 23.095844
17 28 0 8 22.971497
10 21 0 8 22.966930
44 59 0 8 22.832098
21 26 0 8 22.740284
68 71 0 8 22.671743
26 58 0 8 22.620041
42 60 0 8 22.404762
46 59 0 8 22.008926
1 72 0 8 21.972189
44 58 0 8 21.550911
62 89 0 8 21.499968
23 40 0 8 21.195549
46 58 0 8 21.111490
20 36 0 8 21.028433
24 39 0 8 20.011782
48 57 0 8 19.942348
15 35 0 8 19.106543
68 73 0 8 19.045019
16 27 0 8 18.701376
20 28 0 8 18.610229
7 31 0 8 18.555336
39 57 0 8 18.545206
48 67 0 8 18.434128
69 74 0 8 18.058136
41 53 0 8 18.004057
28 38 0 8 17.973970
47 63 0 8 17.778130
7 91 0 8 17.744883
39 59 0 8 17.732695
55 61 0 8 17.533253
31 85 0 8 17.385622
41 47 0 8 17.270863
41 51 0 8 17.248827
55 66 0 8 17.232618
41 56 0 8 17.050785
28 68 0 8 16.982246
30 41 0 8 16.967930
30 38 0 8 16.853453
16 36 0 8 16.792353
41 54 0 8 16.490566
22 37 0 8 16.462986
17 35 0 8 16.377523
38 57 0 8 16.302542
3 15 0 8 16.242674
14 35 0 8 16.187128
26 81 0 8 15.985004
4 42 0 8 15.522713
12 21 0 8 15.502219
42 64 0 8 15.294880
13 22 0 8 15.279242
31 38 0 8 15.179433
41 48 0 8 14.951363
24 38 0 8 14.804396
31 39 0 8 14.594609
29 41 0 8 14.566899
17 32 0 8 14.472753
19 27 0 8 14.068667
8 22 0 8 13.702908
49 63 0 8 13.698323
57 69 0 8 13.600195
17 25 0 8 13.532152
29 38 0 8 13.312203
49 66 0 8 13.196760
33 91 0 8 13.018218
33 89 0 8 13.011710
39 58 0 8 12.777340
24 41 0 8 12.748260
41 45 0 8 12.728179
55 68 0 8 12.488832
37 71 0 8 12.448522
56 62 0 8 12.357075
57 81 0 8 12.255148
42 66 0 8 12.153336
64 83 0 8 12.126645
29 60 0 8 12.085589
38 60 0 8 12.018005
17 33 0 8 11.501494
27 81 0 8 11.107441
37 91 0 8 11.049080
8 31 0 8 11.035490
14 27 0 8 10.937087
40 62 0 8 10.776670
5 21 0 8 10.636698
42 65 0 8 10.289617
56 64 0 8 9.810667
53 69 0 8 9.767157
57 80 0 8 9.626050
1 81 0 8 9.523732
28 39 0 8 9.340776
9 31 0 8 9.082968
38 59 0 8 8.839583
38 58 0 8 8.658323
41 52 0 8 8.549606
25 89 0 8 8.448071
49 68 0 8 8.212151
7 27 0 8 8.088340
58 70 0 8 7.925702
41 55 0 8 7.577425
31 40 0 8 7.490206
41 49 0 8 7.443828
56 60 0 8 7.338589
17 34 0 8 7.317279
43 74 0 8 7.312565
1 13 0 8 7.294539
32 37 0 8 7.104421
2 76 0 8 7.086445
6 27 0 8 6.921648
27 43 0 8 6.392864
1 38 0 8 6.018164
14 34 0 8 5.415837
16 35 0 8 5.383547
42 61 0 8 5.020179
18 37 0 8 4.610604
57 87 0 8 4.099289
30 81 0 8 3.836343
7 89 0 8 3.524898
44 69 0 8 3.503434
32 90 0 8 3.345620
57 76 0 8 3.080981
49 61 0 8 2.992641
27 41 0 8 2.929407
47 58 0 8 2.783000
23 39 0 8 2.747478
23 41 0 8 2.671517
28 29 0 8 2.484236
62 70 0 8 2.098923
72 89 0 8 1.971300
45 69 0 8 1.683618
35 91 0 8 1.610170
7 22 0 8 1.573838
4 70 0 8 1.543232
47 66 0 8 1.308576
12 57 0 8 1.016220
15 26 0 8 0.950438
6 31 0 8 0.930106
7 32 0 8 0.747597
3 17 0 8 0.728904
42 63 0 8 0.682721
16 86 0 8 0.333369
27 29 0 8 0.221644
54 68 0 8 0.190617
75 83 0 8 0.113134
1 62 0 8 -0.012895
1 37 0 8 -0.522064
41 44 0 8 -0.632825
23 38 0 8 -0.651307
37 70 0 8 -1.000440
56 63 0 8 -1.028145
26 32 0 8 -1.397923
30 42 0 8 -1.513156
49 57 0 8 -2.080047
47 68 0 8 -2.914666
41 57 0 8 -3.104720
16 28 0 8 -3.279303
28 81 0 8 -3.511199
56 61 0 8 -3.553527
11 37 0 8 -3.640778
43 69 0 8 -3.692854
31 42 0 8 -3.719251
70 80 0 8 -3.891338
37 58 0 8 -4.128948
44 91 0 8 -4.306717
3 57 0 8 -4.355002
42 62 0 8 -4.491431
29 91 0 8 -4.501124
24 42 0 8 -4.650801
10 22 0 8 -4.767375
38 81 0 8 -4.786031
40 57 0 8 -4.817007
41 60 0 8 -4.956247
57 62 0 8 -4.975067
25 40 0 8 -5.004918
8 89 0 8 -5.160918
40 70 0 8 -5.911839
49 69 0 8 -5.959234
54 57 0 8 -6.010511
46 73 0 8 -6.138151
2 57 0 8 -6.201967
40 59 0 8 -6.411338
57 61 0 8 -6.639242
54 80 0 8 -6.691426
8 32 0 8 -6.701202
38 66 0 8 -7.031779
27 59 0 8 -7.204435
15 34 0 8 -7.943554
2 69 0 8 -8.421325
37 73 0 8 -8.543583
11 32 0 8 -8.629815
4 18 0 8 -9.436747
14 32 0 8 -9.550905
8 30 0 8 -9.727771
2 37 0 8 -9.780026
33 40 0 8 -9.781386
13 57 0 8 -9.818660
69 75 0 8 -9.996711
26 40 0 8 -10.332698
39 64 0 8 -10.860593
25 39 0 8 -11.193750
49 59 0 8 -11.346508
9 32 0 8 -11.377797
73 89 0 8 -11.683641
27 49 0 8 -11.784334
37 90 0 8 -11.798127
26 57 0 8 -11.834437
55 67 0 8 -12.257713
37 43 0 8 -12.618257
26 41 0 8 -12.841464
13 36 0 8 -12.928757
57 59 0 8 -13.002034
8 26 0 8 -13.036165
60 89 0 8 -13.060008
39 66 0 8 -13.274204
22 39 0 8 -13.470159
49 71 0 8 -13.680193
27 40 0 8 -13.756905
28 71 0 8 -13.797379
2 38 0 8 -13.979198
41 64 0 8 -13.987674
74 89 0 8 -14.004210
1 15 0 8 -14.018296
33 90 0 8 -14.049158
46 69 0 8 -14.076169
23 42 0 8 -14.130579
47 61 0 8 -14.518252
49 58 0 8 -14.530419
6 22 0 8 -14.605641
13 88 0 8 -14.758613
31 41 0 8 -14.891756
26 82 0 8 -14.900083
40 66 0 8 -15.144975
37 80 0 8 -15.168566
25 41 0 8 -15.357945
21 37 0 8 -15.460617
29 88 0 8 -15.474083
57 73 0 8 -15.776090
39 65 0 8 -16.096954
28 75 0 8 -16.121283
17 40 0 8 -16.235401
39 61 0 8 -16.329250
48 69 0 8 -16.614105
9 30 0 8 -16.747078
3 71 0 8 -16.817492
9 26 0 8 -16.848948
37 49 0 8 -16.866053
47 59 0 8 -17.110823
15 32 0 8 -17.388113
28 41 0 8 -17.419662
13 30 0 8 -17.462362
56 71 0 8 -17.530830
41 71 0 8 -17.679628
37 45 0 8 -17.697813
11 57 0 8 -17.703049
38 64 0 8 -17.848869
17 37 0 8 -17.849493
15 37 0 8 -17.964802
18 40 0 8 -17.968645
17 26 0 8 -18.013311
20 37 0 8 -18.028259
14 37 0 8 -18.056198
15 62 0 8 -18.080465
37 72 0 8 -18.244024
16 37 0 8 -18.401213
13 91 0 8 -18.456776
27 54 0 8 -18.640190
26 38 0 8 -18.683287
37 86 0 8 -18.716610
71 83 0 8 -18.737473
27 80 0 8 -18.897821
38 62 0 8 -19.028496
22 40 0 8 -19.124346
60 81 0 8 -19.168966
6 89 0 8 -19.198009
42 67 0 8 -19.385468
40 65 0 8 -19.412399
38 65 0 8 -19.419828
11 36 0 8 -19.577578
40 63 0 8 -19.671991
16 25 0 8 -20.025408
38 61 0 8 -20.030272
38 70 0 8 -20.141348
40 61 0 8 -20.142509
37 51 0 8 -20.145517
56 66 0 8 -20.179747
26 39 0 8 -20.185873
62 72 0 8 -20.233187
56 68 0 8 -20.233723
19 37 0 8 -20.278858
23 26 0 8 -20.306931
28 70 0 8 -20.574331
1 41 0 8 -20.728861
38 68 0 8 -20.869932
9 24 0 8 -20.870829
40 64 0 8 -21.064381
37 46 0 8 -21.300129
2 16 0 8 -21.478588
27 32 0 8 -21.606018
28 40 0 8 -21.654152
17 39 0 8 -21.702238
29 71 0 8 -21.727859
41 72 0 8 -21.861729
65 71 0 8 -21.870073
6 32 0 8 -21.876038
29 72 0 8 -21.927010
62 86 0 8 -21.974976
37 54 0 8 -21.981853
41 65 0 8 -22.107311
38 67 0 8 -22.244673
28 80 0 8 -22.265995
1 54 0 8 -22.412624
28 57 0 8 -22.532242
37 69 0 8 -22.665688
37 44 0 8 -22.754332
41 79 0 8 -22.782684
13 31 0 8 -22.829756
6 91 0 8 -23.043142
38 69 0 8 -23.048046
37 84 0 8 -23.059681
17 59 0 8 -23.111013
37 59 0 8 -23.123169
54 82 0 8 -23.129440
39 62 0 8 -23.199108
12 24 0 8 -23.234285
39 63 0 8 -23.338686
16 40 0 8 -23.351564
25 38 0 8 -23.380131
11 15 0 8 -23.546249
40 67 0 8 -23.712067
27 68 0 8 -23.775572
37 85 0 8 -23.851358
54 67 0 8 -23.860052
44 71 0 8 -23.887310
50 70 0 8 -23.893490
13 24 0 8 -24.010448
37 53 0 8 -24.149193
56 80 0 8 -24.211329
42 68 0 8 -24.235878
13 35 0 8 -24.292105
4 43 0 8 -24.414625
56 78 0 8 -24.442045
12 36 0 8 -24.516045
49 67 0 8 -24.718269
38 63 0 8 -24.778202
15 25 0 8 -24.798782
37 55 0 8 -24.851274
33 39 0 8 -24.888775
12 62 0 8 -24.956350
46 74 0 8 -25.347620
47 82 0 8 -25.376898
4 61 0 8 -25.391960
25 57 0 8 -25.705830
9 35 0 8 -25.814827
37 50 0 8 -25.849117
14 39 0 8 -25.879389
37 56 0 8 -25.928839
9 34 0 8 -25.990057
5 22 0 8 -26.047010
27 44 0 8 -26.053869
37 65 0 8 -26.283987
14 25 0 8 -26.459595
37 48 0 8 -26.552401
37 47 0 8 -26.654278
5 29 0 8 -26.707256
67 73 0 8 -26.713112
8 90 0 8 -26.778437
9 29 0 8 -26.926121
44 75 0 8 -27.163713
18 38 0 8 -27.201889
28 58 0 8 -27.268991
8 24 0 8 -27.297405
18 39 0 8 -27.345478
22 91 0 8 -27.416269
39 67 0 8 -27.446774
22 38 0 8 -27.498133
42 80 0 8 -27.656218
30 48 0 8 -27.695173
36 57 0 8 -27.782618
67 71 0 8 -27.789801
27 48 0 8 -27.816610
33 38 0 8 -27.933294
37 62 0 8 -27.958605
26 42 0 8 -28.109062
37 52 0 8 -28.144026
37 81 0 8 -28.161623
14 33 0 8 -28.303154
5 31 0 8 -28.420433
54 90 0 8 -28.459898
28 74 0 8 -28.710459
34 44 0 8 -28.776606
43 91 0 8 -28.870085
56 90 0 8 -28.938213
3 37 0 8 -28.985682
15 39 0 8 -29.093584
16 26 0 8 -29.107216
13 20 0 8 -29.120701
27 70 0 8 -29.173986
7 90 0 8 -29.206949
7 30 0 8 -29.243454
10 57 0 8 -29.300165
74 81 0 8 -29.313271
37 64 0 8 -29.409012
18 41 0 8 -29.628283
70 81 0 8 -29.669392
51 91 0 8 -29.693844
9 70 0 8 -29.693903
37 74 0 8 -29.783390
36 68 0 8 -29.876045
68 80 0 8 -29.978291
1 65 0 8 -30.075188
14 28 0 8 -30.328806
28 54 0 8 -30.467653
9 36 0 8 -30.789991
41 61 0 8 -30.890167
3 31 0 8 -30.926817
23 70 0 8 -30.948843
65 91 0 8 -31.035948
38 74 0 8 -31.053837
22 41 0 8 -31.056437
47 67 0 8 -31.268898
37 68 0 8 -31.329342
54 74 0 8 -31.375811
10 30 0 8 -31.398186
41 70 0 8 -31.526672
17 38 0 8 -31.554514
55 81 0 8 -31.664295
30 46 0 8 -31.788912
3 18 0 8 -31.808483
37 60 0 8 -31.874264
35 90 0 8 -31.914068
11 40 0 8 -32.063473
52 70 0 8 -32.068409
8 34 0 8 -32.179817
41 66 0 8 -32.230488
41 63 0 8 -32.339436
12 22 0 8 -32.345703
12 35 0 8 -32.380604
4 21 0 8 -32.485111
14 57 0 8 -32.566826
47 69 0 8 -32.698704
1 48 0 8 -32.766487
56 85 0 8 -32.923893
30 47 0 8 -32.962170
26 89 0 8 -33.029179
41 80 0 8 -33.158089
57 70 0 8 -33.196415
29 42 0 8 -33.478477
8 35 0 8 -33.816231
56 73 0 8 -34.080887
1 44 0 8 -34.217690
14 26 0 8 -34.229107
17 41 0 8 -34.447033
67 91 0 8 -34.468822
7 26 0 8 -34.573051
27 38 0 8 -34.579403
56 79 0 8 -34.661446
13 37 0 8 -34.689106
8 36 0 8 -34.701756
48 71 0 8 -34.717739
47 57 0 8 -34.737606
6 34 0 8 -34.809135
6 70 0 8 -34.873566
34 91 0 8 -34.905964
37 89 0 8 -35.078152
38 80 0 8 -35.200069
33 41 0 8 -35.239937
47 71 0 8 -35.324776
2 30 0 8 -35.475163
2 64 0 8 -35.632294
38 71 0 8 -35.634312
2 41 0 8 -35.642735
36 58 0 8 -35.768929
24 57 0 8 -35.821232
57 63 0 8 -35.851212
27 39 0 8 -35.852901
30 69 0 8 -35.873856
57 77 0 8 -35.885410
51 70 0 8 -36.008358
20 26 0 8 -36.187927
3 25 0 8 -36.294682
37 61 0 8 -36.651947
12 37 0 8 -36.653023
37 63 0 8 -36.697433
13 23 0 8 -36.725021
30 49 0 8 -36.836346
28 44 0 8 -36.857571
37 67 0 8 -36.873169
45 71 0 8 -36.942448
59 87 0 8 -37.405201
55 69 0 8 -37.414623
16 41 0 8 -37.444347
28 42 0 8 -37.511921
39 80 0 8 -37.546417
3 24 0 8 -37.731037
6 30 0 8 -37.910545
16 38 0 8 -37.924507
27 47 0 8 -37.930492
40 69 0 8 -37.992905
57 74 0 8 -38.235180
7 34 0 8 -38.279049
1 42 0 8 -38.325062
42 79 0 8 -38.332031
36 56 0 8 -38.412914
36 69 0 8 -38.484436
37 83 0 8 -38.558216
43 71 0 8 -38.584408
27 30 0 8 -38.680737
13 34 0 8 -38.693897
4 51 0 8 -38.944565
40 68 0 8 -39.058758
6 90 0 8 -39.171642
3 19 0 8 -39.259312
28 79 0 8 -39.350391
35 83 0 8 -39.391483
39 81 0 8 -39.406826
37 66 0 8 -39.418400
24 56 0 8 -39.485970
7 24 0 8 -39.675121
36 70 0 8 -39.695988
3 53 0 8 -39.749016
10 27 0 8 -39.824165
44 74 0 8 -39.859310
19 38 0 8 -39.901882
83 90 0 8 -39.921013
25 84 0 8 -40.086906
34 65 0 8 -40.245369
36 54 0 8 -40.346519
64 71 0 8 -40.364208
5 91 0 8 -40.374840
3 36 0 8 -40.405949
72 83 0 8 -40.549126
10 40 0 8 -40.559647
56 67 0 8 -40.674427
32 57 0 8 -40.711281
10 28 0 8 -40.820202
29 46 0 8 -40.981541
48 72 0 8 -41.158764
15 41 0 8 -41.283703
53 70 0 8 -41.437099
9 91 0 8 -41.471111
52 90 0 8 -41.482967
41 62 0 8 -41.657406
31 84 0 8 -41.668671
41 81 0 8 -41.684715
30 44 0 8 -41.689034
13 58 0 8 -41.753750
36 45 0 8 -41.779598
15 57 0 8 -41.827751
29 54 0 8 -41.849045
6 24 0 8 -41.895031
36 43 0 8 -42.216194
53 90 0 8 -42.255005
6 26 0 8 -42.256981
28 52 0 8 -42.287354
7 35 0 8 -42.336117
27 57 0 8 -42.343609
1 35 0 8 -42.350014
26 91 0 8 -42.379311
36 49 0 8 -42.411388
21 38 0 8 -42.435001
16 29 0 8 -42.496475
60 69 0 8 -42.591290
40 73 0 8 -42.601665
39 68 0 8 -42.605499
23 69 0 8 -42.828426
37 75 0 8 -42.858883
14 40 0 8 -42.860966
58 68 0 8 -42.866623
60 77 0 8 -42.956657
35 58 0 8 -43.075657
65 72 0 8 -43.096191
25 42 0 8 -43.122910
20 39 0 8 -43.315407
36 44 0 8 -43.481583
16 39 0 8 -43.723221
50 91 0 8 -43.746849
41 68 0 8 -43.821541
11 56 0 8 -43.895958
10 37 0 8 -43.914314
60 68 0 8 -43.948524
23 82 0 8 -43.958111
1 36 0 8 -44.002739
36 67 0 8 -44.041370
56 69 0 8 -44.098507
24 84 0 8 -44.223358
34 43 0 8 -44.241310
42 72 0 8 -44.294014
68 74 0 8 -44.394817
20 38 0 8 -44.445965
8 29 0 8 -44.505558
30 57 0 8 -44.536701
19 39 0 8 -44.540051
4 30 0 8 -44.605156
46 82 0 8 -44.619423
76 91 0 8 -44.683941
15 91 0 8 -44.733147
41 69 0 8 -44.735649
13 60 0 8 -44.830185
32 51 0 8 -44.866482
37 82 0 8 -44.943478
70 72 0 8 -44.963783
2 56 0 8 -44.996628
3 48 0 8 -45.065498
50 71 0 8 -45.068108
12 30 0 8 -45.136826
20 40 0 8 -45.192146
36 66 0 8 -45.214275
21 39 0 8 -45.228607
16 58 0 8 -45.233215
29 48 0 8 -45.233295
15 72 0 8 -45.289749
29 57 0 8 -45.293724
32 56 0 8 -45.422405
7 36 0 8 -45.615204
15 38 0 8 -45.619114
10 36 0 8 -45.656303
1 7 0 8 -45.671001
4 19 0 8 -45.673965
49 62 0 8 -45.681160
35 89 0 8 -45.701286
2 80 0 8 -45.759686
29 58 0 8 -45.858379
29 81 0 8 -45.951221
3 41 0 8 -45.958977
36 83 0 8 -46.172009
13 83 0 8 -46.195618
2 46 0 8 -46.195816
34 45 0 8 -46.207825
38 73 0 8 -46.360332
49 91 0 8 -46.455643
35 85 0 8 -46.620872
49 70 0 8 -46.626152
9 33 0 8 -46.725887
41 67 0 8 -46.846954
15 28 0 8 -46.901516
19 57 0 8 -46.916260
62 91 0 8 -46.986115
40 79 0 8 -47.022511
1 46 0 8 -47.044136
7 29 0 8 -47.090397
36 60 0 8 -47.093178
54 91 0 8 -47.149059
58 82 0 8 -47.156326
34 57 0 8 -47.199017
2 53 0 8 -47.289093
2 15 0 8 -47.316181
15 40 0 8 -47.338745
4 44 0 8 -47.364090
15 59 0 8 -47.374245
10 31 0 8 -47.410664
59 90 0 8 -47.423271
18 57 0 8 -47.446701
5 23 0 8 -47.531452
35 46 0 8 -47.542267
36 46 0 8 -47.578373
39 79 0 8 -47.623425
14 38 0 8 -47.672474
47 84 0 8 -47.713707
29 80 0 8 -47.792187
10 34 0 8 -47.849934
8 70 0 8 -47.916775
5 27 0 8 -47.973282
2 62 0 8 -48.005535
42 71 0 8 -48.071453
21 57 0 8 -48.072266
23 56 0 8 -48.163425
23 80 0 8 -48.171986
37 88 0 8 -48.245617
54 69 0 8 -48.276360
35 44 0 8 -48.343575
21 40 0 8 -48.370792
26 56 0 8 -48.418903
36 63 0 8 -48.419502
34 56 0 8 -48.424450
35 47 0 8 -48.431847
19 40 0 8 -48.527046
2 14 0 8 -48.591156
30 53 0 8 -48.606438
50 62 0 8 -48.640465
2 12 0 8 -48.654663
36 79 0 8 -48.667301
8 23 0 8 -48.819466
9 23 0 8 -48.955097
39 74 0 8 -48.997231
39 70 0 8 -49.071053
15 33 0 8 -49.108574
30 66 0 8 -49.109436
40 91 0 8 -49.206684
32 47 0 8 -49.259739
6 37 0 8 -49.362907
33 42 0 8 -49.369102
36 52 0 8 -49.391479
46 91 0 8 -49.438175
28 59 0 8 -49.491474
29 59 0 8 -49.493877
28 56 0 8 -49.607655
6 36 0 8 -49.607750
36 80 0 8 -49.642475
3 52 0 8 -49.667709
41 91 0 8 -49.722347
14 87 0 8 -49.723671
21 41 0 8 -49.736294
2 39 0 8 -49.740376
7 70 0 8 -49.742737
39 73 0 8 -49.828083
34 71 0 8 -49.853424
16 71 0 8 -49.908424
29 69 0 8 -49.939690
30 80 0 8 -50.000519
30 50 0 8 -50.057446
58 78 0 8 -50.108459
59 88 0 8 -50.115520
45 91 0 8 -50.115768
17 57 0 8 -50.164036
36 50 0 8 -50.215576
46 70 0 8 -50.269062
12 34 0 8 -50.281788
34 46 0 8 -50.313110
39 91 0 8 -50.328426
35 82 0 8 -50.357964
57 91 0 8 -50.402130
28 46 0 8 -50.455147
29 56 0 8 -50.521584
36 65 0 8 -50.617710
7 23 0 8 -50.669621
35 43 0 8 -50.688911
36 53 0 8 -50.820824
32 44 0 8 -50.825535
53 91 0 8 -50.828049
30 43 0 8 -50.907154
1 52 0 8 -50.968346
34 47 0 8 -50.968918
23 57 0 8 -50.983082
36 81 0 8 -51.012783
11 31 0 8 -51.116386
35 65 0 8 -51.139889
12 23 0 8 -51.165916
35 57 0 8 -51.225773
55 91 0 8 -51.230614
6 41 0 8 -51.329819
2 42 0 8 -51.358883
4 46 0 8 -51.396084
5 30 0 8 -51.480110
36 48 0 8 -51.523453
5 34 0 8 -51.569118
6 35 0 8 -51.577049
41 73 0 8 -51.584389
59 84 0 8 -51.605457
31 50 0 8 -51.623238
13 39 0 8 -51.642933
26 68 0 8 -51.767529
34 70 0 8 -51.806698
79 84 0 8 -51.834904
40 80 0 8 -51.838982
26 55 0 8 -51.842411
55 80 0 8 -51.883163
45 80 0 8 -51.972279
58 90 0 8 -51.972565
34 90 0 8 -51.998409
10 26 0 8 -52.040581
14 41 0 8 -52.063820
66 72 0 8 -52.074356
3 33 0 8 -52.154179
31 62 0 8 -52.179050
36 85 0 8 -52.181709
36 86 0 8 -52.191952
31 57 0 8 -52.197647
34 62 0 8 -52.205872
29 55 0 8 -52.354313
5 37 0 8 -52.388172
2 45 0 8 -52.388329
34 48 0 8 -52.470146
10 35 0 8 -52.475895
35 50 0 8 -52.486713
40 72 0 8 -52.576958
40 81 0 8 -52.608055
18 42 0 8 -52.711231
2 54 0 8 -52.763641
30 62 0 8 -52.821747
27 56 0 8 -52.986118
5 32 0 8 -53.034153
12 39 0 8 -53.075333
1 34 0 8 -53.087254
28 43 0 8 -53.096985
2 29 0 8 -53.173794
2 36 0 8 -53.239124
34 50 0 8 -53.280228
55 72 0 8 -53.392056
26 49 0 8 -53.491753
36 62 0 8 -53.527416
43 81 0 8 -53.527439
29 44 0 8 -53.635185
30 56 0 8 -53.637070
32 45 0 8 -53.640640
58 74 0 8 -53.651543
9 37 0 8 -53.748081
34 49 0 8 -53.775967
36 59 0 8 -53.788910
1 39 0 8 -53.837559
2 52 0 8 -53.959503
7 40 0 8 -53.967289
30 45 0 8 -53.972446
54 76 0 8 -53.995594
4 24 0 8 -54.189545
30 54 0 8 -54.232796
24 46 0 8 -54.300011
35 70 0 8 -54.416500
34 53 0 8 -54.430817
61 91 0 8 -54.607563
36 82 0 8 -54.646332
26 45 0 8 -54.665813
35 51 0 8 -54.679737
48 70 0 8 -54.698318
12 38 0 8 -54.826035
12 40 0 8 -54.833485
25 82 0 8 -54.834396
35 49 0 8 -54.852852
3 59 0 8 -54.932064
26 48 0 8 -54.948597
81 91 0 8 -55.013775
21 54 0 8 -55.044266
16 42 0 8 -55.099602
58 91 0 8 -55.135826
13 40 0 8 -55.236237
2 20 0 8 -55.288986
29 43 0 8 -55.337097
36 55 0 8 -55.357376
17 42 0 8 -55.413315
11 41 0 8 -55.423550
37 79 0 8 -55.430855
19 41 0 8 -55.538216
39 69 0 8 -55.553173
30 51 0 8 -55.616360
16 57 0 8 -55.630299
38 72 0 8 -55.737709
28 49 0 8 -55.850979
54 71 0 8 -55.891598
36 64 0 8 -55.925915
31 48 0 8 -55.953510
16 59 0 8 -56.001377
75 82 0 8 -56.138062
35 48 0 8 -56.162125
11 14 0 8 -56.220387
4 36 0 8 -56.333965
11 90 0 8 -56.340790
23 45 0 8 -56.420933
3 34 0 8 -56.454037
60 79 0 8 -56.459946
55 71 0 8 -56.462643
3 42 0 8 -56.548683
4 63 0 8 -56.619930
39 71 0 8 -56.679565
4 31 0 8 -56.685551
2 43 0 8 -56.729988
12 19 0 8 -56.893902
37 76 0 8 -57.001427
36 47 0 8 -57.012142
31 58 0 8 -57.042831
4 22 0 8 -57.136398
12 31 0 8 -57.186665
23 46 0 8 -57.218498
36 71 0 8 -57.270535
34 69 0 8 -57.300167
28 45 0 8 -57.472664
62 88 0 8 -57.547440
23 54 0 8 -57.619213
28 86 0 8 -57.651321
5 89 0 8 -57.692253
35 53 0 8 -57.714397
30 67 0 8 -57.748695
22 42 0 8 -57.776001
4 37 0 8 -57.818512
70 83 0 8 -57.837551
4 34 0 8 -57.875019
37 87 0 8 -57.905746
31 44 0 8 -58.036709
69 81 0 8 -58.054081
58 69 0 8 -58.123146
41 90 0 8 -58.203033
30 64 0 8 -58.290569
45 88 0 8 -58.318077
36 90 0 8 -58.416580
79 83 0 8 -58.433731
37 78 0 8 -58.482555
34 54 0 8 -58.528667
6 29 0 8 -58.547451
30 65 0 8 -58.579666
29 47 0 8 -58.671440
6 23 0 8 -58.679047
47 62 0 8 -58.687584
28 50 0 8 -58.811867
49 72 0 8 -58.813980
52 91 0 8 -58.852745
42 69 0 8 -58.864136
19 91 0 8 -58.954704
40 71 0 8 -58.990429
36 51 0 8 -58.997391
49 90 0 8 -59.099129
29 45 0 8 -59.156883
39 72 0 8 -59.260315
3 30 0 8 -59.269314
28 60 0 8 -59.326897
4 26 0 8 -59.333229
35 45 0 8 -59.360615
57 75 0 8 -59.373062
42 73 0 8 -59.488777
16 32 0 8 -59.536255
34 51 0 8 -59.570480
1 40 0 8 -59.597771
30 91 0 8 -59.624004
72 82 0 8 -59.680824
29 53 0 8 -59.774082
24 69 0 8 -59.819874
5 24 0 8 -60.034267
47 91 0 8 -60.051247
24 70 0 8 -60.052517
51 90 0 8 -60.085876
30 55 0 8 -60.141392
23 43 0 8 -60.171200
47 90 0 8 -60.182434
63 81 0 8 -60.212990
35 56 0 8 -60.309261
56 72 0 8 -60.322613
40 74 0 8 -60.382240
34 83 0 8 -60.444302
32 80 0 8 -60.462872
34 58 0 8 -60.604092
70 91 0 8 -60.614353
46 71 0 8 -60.620579
23 49 0 8 -60.637569
31 47 0 8 -60.698284
1 50 0 8 -60.733982
28 64 0 8 -60.785545
7 39 0 8 -60.862324
2 23 0 8 -60.926147
2 58 0 8 -61.013798
2 34 0 8 -61.042423
37 77 0 8 -61.076561
6 40 0 8 -61.104733
34 79 0 8 -61.110592
7 37 0 8 -61.152065
6 39 0 8 -61.157158
21 56 0 8 -61.228054
11 49 0 8 -61.283161
23 81 0 8 -61.294960
23 83 0 8 -61.311108
17 58 0 8 -61.370438
44 90 0 8 -61.723839
24 54 0 8 -61.785160
33 47 0 8 -61.823700
9 40 0 8 -61.951195
38 86 0 8 -61.955299
30 77 0 8 -62.028126
34 52 0 8 -62.058281
2 40 0 8 -62.063755
23 58 0 8 -62.196281
10 41 0 8 -62.205448
29 49 0 8 -62.231781
24 43 0 8 -62.294109
38 88 0 8 -62.302212
31 91 0 8 -62.332813
1 61 0 8 -62.501453
2 48 0 8 -62.553608
8 41 0 8 -62.590599
8 40 0 8 -62.641155
3 38 0 8 -62.657288
28 47 0 8 -62.705215
1 24 0 8 -62.743412
43 90 0 8 -62.750271
34 64 0 8 -62.775852
60 90 0 8 -62.825470
20 41 0 8 -62.929604
7 41 0 8 -62.963531
5 35 0 8 -62.966835
26 60 0 8 -62.995022
34 63 0 8 -63.054329
35 62 0 8 -63.060570
38 84 0 8 -63.192726
14 59 0 8 -63.313759
13 41 0 8 -63.331406
64 91 0 8 -63.341057
9 41 0 8 -63.348759
10 38 0 8 -63.421600
10 24 0 8 -63.463974
29 64 0 8 -63.492813
8 39 0 8 -63.501682
17 71 0 8 -63.519218
47 72 0 8 -63.581268
28 63 0 8 -63.714706
35 64 0 8 -63.787231
23 44 0 8 -63.825832
16 87 0 8 -63.870136
70 73 0 8 -63.922272
21 91 0 8 -63.940380
12 27 0 8 -63.947235
27 71 0 8 -63.971508
3 29 0 8 -63.982407
30 70 0 8 -64.057022
35 69 0 8 -64.057648
1 10 0 8 -64.063522
23 50 0 8 -64.079590
11 27 0 8 -64.085533
39 75 0 8 -64.126549
36 91 0 8 -64.172714
26 46 0 8 -64.267525
41 78 0 8 -64.286583
5 70 0 8 -64.295601
29 50 0 8 -64.335831
23 62 0 8 -64.336327
32 52 0 8 -64.390656
27 78 0 8 -64.629890
2 28 0 8 -64.744286
49 81 0 8 -64.770050
36 73 0 8 -64.835228
28 82 0 8 -64.856812
24 49 0 8 -64.931946
22 77 0 8 -64.946632
34 68 0 8 -64.972313
6 57 0 8 -65.029106
23 65 0 8 -65.058334
54 89 0 8 -65.081802
5 36 0 8 -65.148964
1 73 0 8 -65.167702
4 35 0 8 -65.272804
34 61 0 8 -65.278549
50 89 0 8 -65.363098
26 51 0 8 -65.444672
13 32 0 8 -65.474007
35 52 0 8 -65.507378
85 90 0 8 -65.566071
42 81 0 8 -65.592781
1 47 0 8 -65.595764
25 90 0 8 -65.736176
33 50 0 8 -65.757881
14 84 0 8 -65.882477
8 37 0 8 -65.948280
11 39 0 8 -65.962776
34 66 0 8 -65.990730
24 44 0 8 -65.994133
29 83 0 8 -66.027458
1 8 0 8 -66.152336
38 75 0 8 -66.154465
24 59 0 8 -66.158928
23 71 0 8 -66.179024
74 80 0 8 -66.211426
39 87 0 8 -66.247955
18 58 0 8 -66.307106
49 82 0 8 -66.377678
19 42 0 8 -66.420776
24 45 0 8 -66.473724
34 87 0 8 -66.517715
3 35 0 8 -66.640343
29 74 0 8 -66.728310
54 81 0 8 -66.765068
9 39 0 8 -66.833473
34 55 0 8 -66.879463
29 52 0 8 -66.919983
36 61 0 8 -66.941071
31 43 0 8 -66.947830
1 51 0 8 -66.978836
41 74 0 8 -67.161995
14 29 0 8 -67.166321
34 72 0 8 -67.177505
31 64 0 8 -67.235947
3 21 0 8 -67.291962
21 42 0 8 -67.364189
4 29 0 8 -67.418617
68 91 0 8 -67.435013
15 60 0 8 -67.519775
11 38 0 8 -67.522514
13 38 0 8 -67.625320
35 63 0 8 -67.630760
19 56 0 8 -67.635170
35 55 0 8 -67.734863
6 38 0 8 -67.754738
20 57 0 8 -67.756599
35 54 0 8 -67.814087
33 51 0 8 -67.878845
49 80 0 8 -67.929588
36 74 0 8 -67.940620
24 50 0 8 -68.043404
29 61 0 8 -68.117249
65 79 0 8 -68.179855
3 50 0 8 -68.341393
9 71 0 8 -68.352348
59 79 0 8 -68.355957
2 63 0 8 -68.359467
30 52 0 8 -68.416878
20 69 0 8 -68.505966
4 50 0 8 -68.524155
45 79 0 8 -68.564415
8 33 0 8 -68.631409
24 52 0 8 -68.663849
3 23 0 8 -68.719437
55 84 0 8 -68.740692
26 54 0 8 -68.763870
43 70 0 8 -68.887276
24 81 0 8 -68.947891
11 88 0 8 -68.969955
35 81 0 8 -69.106010
86 91 0 8 -69.133186
36 72 0 8 -69.176643
26 43 0 8 -69.217491
1 6 0 8 -69.271553
64 89 0 8 -69.293732
24 60 0 8 -69.302711
2 74 0 8 -69.307755
32 50 0 8 -69.308510
1 67 0 8 -69.349335
29 90 0 8 -69.378151
36 77 0 8 -69.424416
34 78 0 8 -69.511070
10 56 0 8 -69.539024
32 49 0 8 -69.601166
81 88 0 8 -69.601479
33 73 0 8 -69.739548
1 25 0 8 -69.754181
69 90 0 8 -69.814606
33 62 0 8 -69.833885
31 46 0 8 -69.837914
60 91 0 8 -69.897263
4 57 0 8 -69.931747
27 45 0 8 -69.994751
16 34 0 8 -70.017326
24 53 0 8 -70.126762
22 65 0 8 -70.282059
2 50 0 8 -70.355034
68 79 0 8 -70.542198
13 69 0 8 -70.592163
55 89 0 8 -70.779480
27 67 0 8 -70.781052
23 67 0 8 -70.784508
25 50 0 8 -70.898956
49 84 0 8 -70.941765
35 68 0 8 -70.953392
11 46 0 8 -70.965591
31 54 0 8 -70.998253
82 91 0 8 -71.069679
67 90 0 8 -71.135323
34 60 0 8 -71.214806
28 51 0 8 -71.242371
24 58 0 8 -71.243210
25 71 0 8 -71.259247
26 50 0 8 -71.325752
15 71 0 8 -71.351601
15 90 0 8 -71.451340
30 68 0 8 -71.508995
16 54 0 8 -71.521790
23 51 0 8 -71.530075
57 78 0 8 -71.659431
48 73 0 8 -71.672981
66 71 0 8 -71.679550
46 81 0 8 -71.805969
16 56 0 8 -71.821129
30 61 0 8 -71.871170
56 82 0 8 -71.877693
24 48 0 8 -71.946526
27 52 0 8 -71.955780
31 55 0 8 -72.040665
76 82 0 8 -72.069397
29 51 0 8 -72.099960
3 51 0 8 -72.336319
29 70 0 8 -72.344727
35 80 0 8 -72.352402
33 44 0 8 -72.354805
28 48 0 8 -72.576744
60 76 0 8 -72.618057
62 82 0 8 -72.627487
1 53 0 8 -72.628448
10 91 0 8 -72.666374
1 55 0 8 -72.667221
23 55 0 8 -72.673180
16 70 0 8 -72.676186
54 75 0 8 -72.687080
3 49 0 8 -72.907097
9 56 0 8 -73.032951
22 89 0 8 -73.120010
38 91 0 8 -73.138466
50 90 0 8 -73.145355
29 85 0 8 -73.170731
21 58 0 8 -73.258247
1 69 0 8 -73.351151
23 72 0 8 -73.374985
62 81 0 8 -73.400124
7 38 0 8 -73.428101
25 58 0 8 -73.428169
15 70 0 8 -73.466995
31 45 0 8 -73.679268
21 50 0 8 -73.707779
2 55 0 8 -73.728088
41 76 0 8 -73.731911
23 52 0 8 -73.782448
2 18 0 8 -73.798157
2 66 0 8 -73.819878
18 56 0 8 -73.840775
64 90 0 8 -73.881058
34 85 0 8 -73.994087
34 80 0 8 -74.040474
35 67 0 8 -74.091690
53 81 0 8 -74.115021
12 72 0 8 -74.152107
38 79 0 8 -74.152298
30 74 0 8 -74.166718
23 74 0 8 -74.193542
3 39 0 8 -74.195168
35 66 0 8 -74.278908
2 35 0 8 -74.283707
75 88 0 8 -74.285431
28 76 0 8 -74.368149
38 87 0 8 -74.399673
9 28 0 8 -74.402870
5 40 0 8 -74.433250
22 76 0 8 -74.452766
50 72 0 8 -74.473366
16 48 0 8 -74.475327
18 54 0 8 -74.515297
75 87 0 8 -74.532776
2 75 0 8 -74.534111
38 78 0 8 -74.556610
40 78 0 8 -74.643585
10 39 0 8 -74.647148
39 85 0 8 -74.653053
26 28 0 8 -74.654739
39 86 0 8 -74.677803
73 82 0 8 -74.695419
29 87 0 8 -74.831528
34 73 0 8 -74.906105
23 63 0 8 -74.911331
14 54 0 8 -74.942513
31 49 0 8 -74.982521
34 67 0 8 -75.008438
3 40 0 8 -75.043182
41 85 0 8 -75.054321
39 78 0 8 -75.095062
2 44 0 8 -75.187225
58 80 0 8 -75.190567
35 59 0 8 -75.197136
14 56 0 8 -75.349350
38 85 0 8 -75.377838
29 65 0 8 -75.384354
14 42 0 8 -75.502831
59 91 0 8 -75.602997
34 74 0 8 -75.610321
64 74 0 8 -75.628075
1 45 0 8 -75.639717
63 91 0 8 -75.688774
56 75 0 8 -75.722557
3 64 0 8 -75.734489
40 76 0 8 -75.751335
64 72 0 8 -75.760712
35 60 0 8 -75.840935
28 53 0 8 -75.892845
28 66 0 8 -75.893234
2 17 0 8 -76.005371
28 69 0 8 -76.016594
16 44 0 8 -76.074295
35 71 0 8 -76.075821
1 23 0 8 -76.088417
7 33 0 8 -76.090057
35 86 0 8 -76.095291
27 62 0 8 -76.107422
71 91 0 8 -76.119583
3 46 0 8 -76.128326
33 49 0 8 -76.131500
26 52 0 8 -76.224754
41 75 0 8 -76.265984
47 86 0 8 -76.302551
23 66 0 8 -76.343208
30 60 0 8 -76.369331
2 73 0 8 -76.393944
17 70 0 8 -76.474884
63 71 0 8 -76.504211
12 81 0 8 -76.527428
20 56 0 8 -76.543625
5 39 0 8 -76.552071
59 73 0 8 -76.570755
33 43 0 8 -76.582451
32 62 0 8 -76.600616
16 43 0 8 -76.617302
22 50 0 8 -76.631516
8 71 0 8 -76.694077
41 89 0 8 -76.786873
31 61 0 8 -76.822823
24 51 0 8 -76.928108
34 59 0 8 -76.983971
3 44 0 8 -77.133469
4 41 0 8 -77.133926
26 71 0 8 -77.152679
14 71 0 8 -77.180557
5 41 0 8 -77.192413
19 71 0 8 -77.230316
31 86 0 8 -77.235550
39 84 0 8 -77.243500
2 70 0 8 -77.273369
28 62 0 8 -77.378166
51 81 0 8 -77.433304
30 84 0 8 -77.482185
18 51 0 8 -77.493866
28 67 0 8 -77.515511
23 68 0 8 -77.556900
30 63 0 8 -77.565857
52 81 0 8 -77.617821
32 55 0 8 -77.636909
48 91 0 8 -77.679237
25 56 0 8 -77.695488
64 88 0 8 -77.701111
18 76 0 8 -77.805649
62 71 0 8 -77.886330
54 88 0 8 -77.903328
24 71 0 8 -77.920555
40 75 0 8 -77.977394
55 70 0 8 -77.993881
52 71 0 8 -78.014610
40 88 0 8 -78.045441
18 77 0 8 -78.375412
24 91 0 8 -78.434288
20 80 0 8 -78.459183
32 43 0 8 -78.589684
24 68 0 8 -78.592812
14 61 0 8 -78.751518
42 78 0 8 -78.784096
36 75 0 8 -78.925606
31 52 0 8 -78.939529
38 83 0 8 -78.992180
8 38 0 8 -79.098564
18 90 0 8 -79.121948
14 58 0 8 -79.177193
16 50 0 8 -79.190575
26 85 0 8 -79.194740
40 87 0 8 -79.259094
27 61 0 8 -79.294441
29 63 0 8 -79.297203
25 48 0 8 -79.305344
23 48 0 8 -79.338455
24 66 0 8 -79.376350
41 83 0 8 -79.406601
5 26 0 8 -79.454758
23 64 0 8 -79.495453
15 87 0 8 -79.509117
30 76 0 8 -79.515068
33 54 0 8 -79.564171
1 63 0 8 -79.565437
24 55 0 8 -79.566063
9 25 0 8 -79.686623
4 40 0 8 -79.709869
20 91 0 8 -79.724579
28 55 0 8 -79.772369
23 88 0 8 -79.803383
8 56 0 8 -79.831879
25 59 0 8 -79.853600
27 51 0 8 -79.885712
43 80 0 8 -79.889160
42 70 0 8 -79.952766
42 91 0 8 -79.963898
12 41 0 8 -79.985977
24 47 0 8 -79.999908
41 77 0 8 -80.045586
27 55 0 8 -80.086998
36 89 0 8 -80.123047
26 67 0 8 -80.147766
16 46 0 8 -80.164368
26 53 0 8 -80.188278
52 72 0 8 -80.204559
1 19 0 8 -80.242393
50 81 0 8 -80.263268
20 42 0 8 -80.288780
31 51 0 8 -80.362984
4 52 0 8 -80.375450
17 56 0 8 -80.383614
22 45 0 8 -80.467148
6 33 0 8 -80.467285
24 72 0 8 -80.473930
50 79 0 8 -80.475952
33 58 0 8 -80.484451
80 86 0 8 -80.493561
29 73 0 8 -80.522057
50 88 0 8 -80.534935
17 54 0 8 -80.555595
5 38 0 8 -80.569138
33 46 0 8 -80.577576
9 38 0 8 -80.579727
22 51 0 8 -80.601677
1 66 0 8 -80.697227
25 80 0 8 -80.717491
29 66 0 8 -80.775978
10 59 0 8 -80.844833
83 88 0 8 -80.901833
3 58 0 8 -81.041122
52 73 0 8 -81.130356
28 65 0 8 -81.161850
34 81 0 8 -81.166336
17 51 0 8 -81.171654
36 76 0 8 -81.183975
25 55 0 8 -81.198395
42 76 0 8 -81.255486
61 71 0 8 -81.281548
51 80 0 8 -81.384178
70 75 0 8 -81.389786
11 85 0 8 -81.398094
4 27 0 8 -81.401390
19 44 0 8 -81.573845
22 57 0 8 -81.584816
61 73 0 8 -81.586800
59 80 0 8 -81.602081
11 69 0 8 -81.608376
47 81 0 8 -81.623573
12 56 0 8 -81.633156
23 47 0 8 -81.719246
21 49 0 8 -81.756676
34 84 0 8 -81.849815
32 82 0 8 -81.930687
21 71 0 8 -81.947830
52 74 0 8 -82.016319
19 54 0 8 -82.029037
2 21 0 8 -82.041138
31 59 0 8 -82.083870
56 84 0 8 -82.101311
1 32 0 8 -82.137833
49 79 0 8 -82.147820
2 13 0 8 -82.207451
33 45 0 8 -82.213860
60 74 0 8 -82.241821
5 49 0 8 -82.285225
3 43 0 8 -82.285515
25 54 0 8 -82.315910
52 88 0 8 -82.318359
36 78 0 8 -82.401016
6 28 0 8 -82.422470
22 59 0 8 -82.433197
22 43 0 8 -82.506500
34 82 0 8 -82.513565
40 84 0 8 -82.577644
60 71 0 8 -82.712257
24 62 0 8 -82.729286
16 51 0 8 -82.764641
57 83 0 8 -82.768150
32 53 0 8 -82.788933
25 47 0 8 -82.808159
14 91 0 8 -82.829315
15 42 0 8 -82.877312
44 79 0 8 -82.883270
66 73 0 8 -82.906624
45 82 0 8 -82.976425
43 89 0 8 -83.068497
25 49 0 8 -83.127815
59 78 0 8 -83.140236
23 53 0 8 -83.141273
31 56 0 8 -83.210236
40 77 0 8 -83.291214
71 79 0 8 -83.393509
4 45 0 8 -83.450584
56 83 0 8 -83.512329
73 91 0 8 -83.523193
18 59 0 8 -83.530510
16 55 0 8 -83.582039
39 89 0 8 -83.602669
38 76 0 8 -83.629860
39 76 0 8 -83.633362
22 49 0 8 -83.653465
31 81 0 8 -83.654884
51 89 0 8 -83.670776
13 42 0 8 -83.674835
40 86 0 8 -83.740952
21 47 0 8 -83.853462
65 73 0 8 -83.855659
45 72 0 8 -83.882202
4 23 0 8 -83.929909
27 46 0 8 -84.003555
31 67 0 8 -84.010963
40 83 0 8 -84.017014
38 90 0 8 -84.048798
18 62 0 8 -84.050781
27 90 0 8 -84.057938
25 45 0 8 -84.064697
35 72 0 8 -84.072487
28 73 0 8 -84.231491
2 61 0 8 -84.276146
24 74 0 8 -84.366989
68 81 0 8 -84.376785
22 64 0 8 -84.388847
21 44 0 8 -84.404655
56 91 0 8 -84.447090
43 72 0 8 -84.447350
23 60 0 8 -84.485527
55 74 0 8 -84.498177
76 90 0 8 -84.505180
33 57 0 8 -84.522636
31 71 0 8 -84.583511
57 89 0 8 -84.587975
48 90 0 8 -84.599373
12 47 0 8 -84.636581
3 22 0 8 -84.692787
19 45 0 8 -84.694893
67 81 0 8 -84.707474
11 30 0 8 -84.721939
60 85 0 8 -84.723419
25 46 0 8 -84.748245
14 50 0 8 -84.795815
1 49 0 8 -84.811142
14 51 0 8 -84.842514
11 54 0 8 -84.874329
12 49 0 8 -84.926201
44 88 0 8 -84.934425
21 43 0 8 -84.974632
31 53 0 8 -84.986786
49 74 0 8 -85.019753
59 76 0 8 -85.045921
26 44 0 8 -85.072891
45 90 0 8 -85.093407
32 46 0 8 -85.093521
47 85 0 8 -85.117752
14 70 0 8 -85.201332
26 73 0 8 -85.212517
16 45 0 8 -85.213394
29 82 0 8 -85.249710
38 77 0 8 -85.253166
15 51 0 8 -85.288399
42 75 0 8 -85.352928
1 17 0 8 -85.383820
24 64 0 8 -85.420303
31 70 0 8 -85.457985
35 61 0 8 -85.467392
11 79 0 8 -85.470795
12 55 0 8 -85.528397
38 82 0 8 -85.566574
70 90 0 8 -85.583687
46 84 0 8 -85.595802
21 48 0 8 -85.646095
51 71 0 8 -85.666229
42 74 0 8 -85.692291
21 53 0 8 -85.709839
18 71 0 8 -85.710777
44 73 0 8 -85.770340
58 73 0 8 -85.784103
22 46 0 8 -85.809059
31 76 0 8 -85.813049
19 69 0 8 -85.862274
2 24 0 8 -85.864937
16 88 0 8 -85.865730
22 44 0 8 -85.876190
30 83 0 8 -85.916718
15 46 0 8 -85.987053
22 69 0 8 -86.051628
53 71 0 8 -86.054123
53 72 0 8 -86.129295
45 84 0 8 -86.146866
29 67 0 8 -86.146996
28 91 0 8 -86.151787
39 77 0 8 -86.198265
3 68 0 8 -86.200668
18 50 0 8 -86.202744
46 79 0 8 -86.270638
4 39 0 8 -86.313934
18 44 0 8 -86.352859
11 53 0 8 -86.385788
12 53 0 8 -86.433838
24 61 0 8 -86.484024
1 12 0 8 -86.543900
14 55 0 8 -86.544945
19 68 0 8 -86.570251
17 46 0 8 -86.589973
23 91 0 8 -86.710617
2 19 0 8 -86.744797
80 91 0 8 -86.829254
26 90 0 8 -86.850075
19 58 0 8 -87.001160
69 76 0 8 -87.170425
45 74 0 8 -87.183357
15 44 0 8 -87.211632
17 91 0 8 -87.262611
13 82 0 8 -87.309166
16 91 0 8 -87.311142
16 69 0 8 -87.364273
22 53 0 8 -87.381325
24 63 0 8 -87.413170
48 76 0 8 -87.444763
74 84 0 8 -87.470070
10 42 0 8 -87.490402
59 71 0 8 -87.571602
11 87 0 8 -87.592239
18 53 0 8 -87.597137
11 24 0 8 -87.626831
5 63 0 8 -87.628784
33 53 0 8 -87.632576
23 61 0 8 -87.638008
55 90 0 8 -87.673454
14 60 0 8 -87.681938
8 28 0 8 -87.682343
15 49 0 8 -87.728485
62 78 0 8 -87.750542
23 59 0 8 -87.757507
23 73 0 8 -87.760742
50 82 0 8 -87.805191
62 75 0 8 -87.807251
26 83 0 8 -87.825905
35 73 0 8 -87.843887
11 48 0 8 -87.891441
53 80 0 8 -87.902283
64 79 0 8 -88.014626
19 49 0 8 -88.041008
39 90 0 8 -88.044868
31 72 0 8 -88.072876
21 45 0 8 -88.104256
24 73 0 8 -88.113182
54 84 0 8 -88.116051
22 47 0 8 -88.144302
24 65 0 8 -88.199120
20 51 0 8 -88.209099
22 84 0 8 -88.210159
25 51 0 8 -88.327972
53 89 0 8 -88.404907
45 87 0 8 -88.481339
19 50 0 8 -88.501419
38 89 0 8 -88.513863
33 69 0 8 -88.541969
26 69 0 8 -88.557457
21 46 0 8 -88.580040
16 47 0 8 -88.664230
7 28 0 8 -88.715820
26 66 0 8 -88.804955
30 73 0 8 -88.835060
36 88 0 8 -88.850037
20 44 0 8 -88.917885
18 49 0 8 -88.943832
25 70 0 8 -88.948479
29 89 0 8 -88.953407
50 80 0 8 -89.009285
19 87 0 8 -89.013550
39 88 0 8 -89.067657
13 51 0 8 -89.120155
2 67 0 8 -89.129593
42 77 0 8 -89.160072
33 64 0 8 -89.328018
19 51 0 8 -89.382988
26 47 0 8 -89.427177
26 63 0 8 -89.432320
47 74 0 8 -89.437950
10 62 0 8 -89.440704
39 83 0 8 -89.449707
30 75 0 8 -89.471069
10 68 0 8 -89.506203
50 73 0 8 -89.518005
5 47 0 8 -89.588303
29 77 0 8 -89.595856
22 86 0 8 -89.673988
48 78 0 8 -89.697884
41 84 0 8 -89.708862
34 77 0 8 -89.711922
15 56 0 8 -89.717163
52 80 0 8 -89.729172
27 65 0 8 -89.810600
34 75 0 8 -89.842186
50 75 0 8 -89.845978
39 82 0 8 -89.846481
49 73 0 8 -89.856705
29 68 0 8 -89.889610
11 64 0 8 -89.907242
22 56 0 8 -89.941277
10 46 0 8 -89.944595
5 25 0 8 -89.953621
26 61 0 8 -89.968430
58 76 0 8 -89.982635
51 72 0 8 -90.014191
58 85 0 8 -90.016968
24 67 0 8 -90.048119
9 58 0 8 -90.055389
34 88 0 8 -90.070526
40 85 0 8 -90.101585
1 56 0 8 -90.160034
35 88 0 8 -90.189507
66 80 0 8 -90.279831
12 90 0 8 -90.296516
70 78 0 8 -90.337990
46 72 0 8 -90.374031
18 48 0 8 -90.418770
6 56 0 8 -90.483574
31 77 0 8 -90.491783
33 55 0 8 -90.499313
17 49 0 8 -90.544922
16 53 0 8 -90.605698
44 81 0 8 -90.637306
40 90 0 8 -90.708443
65 89 0 8 -90.795609
5 28 0 8 -90.854233
53 74 0 8 -90.895164
22 88 0 8 -90.970375
66 88 0 8 -90.983894
56 76 0 8 -91.028938
66 79 0 8 -91.041161
13 44 0 8 -91.046059
52 89 0 8 -91.051849
17 50 0 8 -91.058929
24 80 0 8 -91.064674
72 85 0 8 -91.086922
12 84 0 8 -91.136917
3 60 0 8 -91.183792
43 73 0 8 -91.313904
20 50 0 8 -91.381386
21 59 0 8 -91.391731
16 52 0 8 -91.441124
10 54 0 8 -91.550346
45 81 0 8 -91.568115
18 70 0 8 -91.578423
24 90 0 8 -91.602562
21 51 0 8 -91.623909
48 74 0 8 -91.645866
19 53 0 8 -91.653496
12 46 0 8 -91.653984
12 54 0 8 -91.674026
30 72 0 8 -91.724335
54 73 0 8 -91.745789
18 46 0 8 -91.754776
21 66 0 8 -91.776718
23 77 0 8 -91.790230
25 44 0 8 -91.869797
12 58 0 8 -91.870285
31 63 0 8 -91.880493
35 87 0 8 -91.894554
68 75 0 8 -91.928413
29 78 0 8 -91.947632
22 58 0 8 -92.062820
22 54 0 8 -92.063255
43 88 0 8 -92.133133
31 65 0 8 -92.153320
41 82 0 8 -92.243172
41 86 0 8 -92.251968
36 87 0 8 -92.263458
17 53 0 8 -92.299500
14 44 0 8 -92.330574
18 66 0 8 -92.347321
58 77 0 8 -92.360519
3 54 0 8 -92.383568
20 45 0 8 -92.431984
46 80 0 8 -92.497177
42 88 0 8 -92.541557
22 85 0 8 -92.548752
22 52 0 8 -92.594551
16 64 0 8 -92.610359
11 47 0 8 -92.618324
16 67 0 8 -92.660294
25 43 0 8 -92.674103
50 74 0 8 -92.676430
26 62 0 8 -92.717476
65 90 0 8 -92.728653
48 89 0 8 -92.751617
18 45 0 8 -92.788010
33 56 0 8 -92.827293
10 86 0 8 -92.945122
47 89 0 8 -92.958000
6 43 0 8 -92.976463
19 48 0 8 -92.977257
50 85 0 8 -92.981834
5 51 0 8 -92.999748
1 16 0 8 -93.048157
63 79 0 8 -93.057976
64 81 0 8 -93.059731
20 53 0 8 -93.216507
10 66 0 8 -93.232635
2 51 0 8 -93.273865
21 55 0 8 -93.282410
2 22 0 8 -93.296967
53 82 0 8 -93.319496
29 76 0 8 -93.343948
14 53 0 8 -93.360428
7 57 0 8 -93.388885
18 55 0 8 -93.424622
19 52 0 8 -93.439499
6 54 0 8 -93.456810
51 82 0 8 -93.467621
3 45 0 8 -93.568024
4 56 0 8 -93.604805
25 52 0 8 -93.685616
18 65 0 8 -93.686417
14 45 0 8 -93.697052
14 46 0 8 -93.698128
11 58 0 8 -93.723038
49 86 0 8 -93.730911
27 64 0 8 -93.822609
18 64 0 8 -93.823792
70 86 0 8 -93.904396
57 90 0 8 -93.917213
27 50 0 8 -93.918762
62 74 0 8 -93.933693
49 89 0 8 -93.965157
59 74 0 8 -93.987221
45 75 0 8 -94.120667
31 75 0 8 -94.131721
69 79 0 8 -94.136421
29 75 0 8 -94.164474
55 83 0 8 -94.193657
6 71 0 8 -94.208839
10 50 0 8 -94.227234
18 52 0 8 -94.317108
31 60 0 8 -94.323105
15 50 0 8 -94.342590
57 85 0 8 -94.354446
16 49 0 8 -94.383621
51 74 0 8 -94.404259
56 81 0 8 -94.421410
14 49 0 8 -94.473389
62 79 0 8 -94.502274
10 44 0 8 -94.514969
22 48 0 8 -94.553345
22 80 0 8 -94.576500
4 53 0 8 -94.589111
60 70 0 8 -94.609909
16 68 0 8 -94.639099
46 85 0 8 -94.644745
45 73 0 8 -94.690071
31 90 0 8 -94.725090
21 52 0 8 -94.768730
2 11 0 8 -94.790466
25 79 0 8 -94.791367
30 90 0 8 -94.809929
71 89 0 8 -94.857918
8 25 0 8 -94.873238
48 79 0 8 -94.958733
19 77 0 8 -95.006477
4 28 0 8 -95.015648
15 55 0 8 -95.032394
10 87 0 8 -95.033821
35 74 0 8 -95.041763
63 90 0 8 -95.088890
16 65 0 8 -95.172974
18 47 0 8 -95.191307
22 55 0 8 -95.238342
34 89 0 8 -95.258919
10 89 0 8 -95.267662
4 48 0 8 -95.278206
55 86 0 8 -95.294434
2 31 0 8 -95.360130
59 72 0 8 -95.380615
11 44 0 8 -95.415009
17 44 0 8 -95.416939
19 55 0 8 -95.465736
11 55 0 8 -95.517685
10 43 0 8 -95.535309
60 78 0 8 -95.567390
12 51 0 8 -95.608376
26 72 0 8 -95.628876
5 57 0 8 -95.763748
27 63 0 8 -95.798477
18 91 0 8 -95.814392
25 53 0 8 -95.954178
1 30 0 8 -96.012939
35 84 0 8 -96.046638
20 46 0 8 -96.060310
56 74 0 8 -96.064415
47 70 0 8 -96.188812
18 69 0 8 -96.354218
32 54 0 8 -96.452873
17 52 0 8 -96.457420
19 65 0 8 -96.474403
34 76 0 8 -96.476631
3 47 0 8 -96.504059
47 73 0 8 -96.520409
17 48 0 8 -96.523643
33 52 0 8 -96.609482
25 66 0 8 -96.641541
3 89 0 8 -96.654739
21 64 0 8 -96.753326
58 84 0 8 -96.785713
56 77 0 8 -96.825699
20 49 0 8 -96.831032
19 62 0 8 -96.874336
54 79 0 8 -96.877396
44 72 0 8 -96.896881
15 53 0 8 -96.957443
52 84 0 8 -96.959976
24 82 0 8 -96.969521
13 61 0 8 -97.001625
55 79 0 8 -97.024734
19 43 0 8 -97.094513
50 84 0 8 -97.169266
49 85 0 8 -97.201500
31 66 0 8 -97.263374
2 65 0 8 -97.283913
1 29 0 8 -97.365715
40 89 0 8 -97.378265
27 73 0 8 -97.403976
41 87 0 8 -97.450066
20 65 0 8 -97.455673
26 64 0 8 -97.527809
5 50 0 8 -97.583824
19 86 0 8 -97.659782
6 42 0 8 -97.666756
4 65 0 8 -97.677849
30 78 0 8 -97.681915
33 63 0 8 -97.690613
36 84 0 8 -97.696342
31 73 0 8 -97.726570
3 62 0 8 -97.741043
32 58 0 8 -97.860970
64 80 0 8 -97.988106
28 88 0 8 -98.014877
19 47 0 8 -98.038773
22 70 0 8 -98.134178
70 77 0 8 -98.153770
27 69 0 8 -98.248947
22 66 0 8 -98.251671
15 54 0 8 -98.266121
12 69 0 8 -98.366402
44 82 0 8 -98.380943
84 91 0 8 -98.382477
14 52 0 8 -98.390442
15 45 0 8 -98.400040
9 42 0 8 -98.464470
13 25 0 8 -98.522438
30 79 0 8 -98.548981
17 45 0 8 -98.551895
54 78 0 8 -98.656281
32 66 0 8 -98.660454
69 78 0 8 -98.722824
5 54 0 8 -98.727684
31 80 0 8 -98.735352
1 18 0 8 -98.743500
32 48 0 8 -98.827454
12 50 0 8 -98.852417
61 72 0 8 -98.852654
55 85 0 8 -98.933250
30 71 0 8 -99.021675
23 89 0 8 -99.095055
12 45 0 8 -99.110260
51 73 0 8 -99.127426
17 85 0 8 -99.131729
48 75 0 8 -99.150055
14 48 0 8 -99.162331
43 82 0 8 -99.186684
11 86 0 8 -99.190216
17 55 0 8 -99.207855
31 68 0 8 -99.243942
69 91 0 8 -99.298294
33 65 0 8 -99.303764
15 68 0 8 -99.372787
31 69 0 8 -99.375801
16 84 0 8 -99.386238
17 43 0 8 -99.393951
20 52 0 8 -99.417389
20 58 0 8 -99.423531
48 84 0 8 -99.459579
67 80 0 8 -99.514595
55 73 0 8 -99.539261
6 49 0 8 -99.542282
20 59 0 8 -99.546402
40 82 0 8 -99.556381
24 79 0 8 -99.584366
48 77 0 8 -99.639854
4 38 0 8 -99.640984
10 47 0 8 -99.642220
17 47 0 8 -99.700233
16 61 0 8 -99.802048
15 43 0 8 -99.806122
23 76 0 8 -99.856865
51 79 0 8 -99.888100
12 32 0 8 -99.894104
53 88 0 8 -99.941437
31 74 0 8 -99.959282
64 76 0 8 -99.988708
15 47 0 8 -99.994072
46 89 0 8 -100.011055
7 42 0 8 -100.023193
10 48 0 8 -100.030876
7 54 0 8 -100.045860
7 71 0 8 -100.053123
1 59 0 8 -100.078217
12 44 0 8 -100.091324
35 78 0 8 -100.169670
5 43 0 8 -100.205093
45 76 0 8 -100.217888
63 84 0 8 -100.246185
21 76 0 8 -100.288177
6 64 0 8 -100.436813
21 65 0 8 -100.459610
61 90 0 8 -100.485893
5 55 0 8 -100.505043
11 45 0 8 -100.507454
30 82 0 8 -100.586212
19 46 0 8 -100.593773
5 53 0 8 -100.595512
1 9 0 8 -100.604248
25 60 0 8 -100.697723
5 44 0 8 -100.723083
62 73 0 8 -100.734230
29 79 0 8 -100.790710
13 90 0 8 -100.983871
10 58 0 8 -101.019852
18 43 0 8 -101.041931
5 61 0 8 -101.052132
52 82 0 8 -101.086365
2 33 0 8 -101.086723
46 90 0 8 -101.124329
53 73 0 8 -101.164658
41 88 0 8 -101.289803
10 52 0 8 -101.291611
13 55 0 8 -101.298256
13 56 0 8 -101.312187
9 90 0 8 -101.337738
14 43 0 8 -101.397324
66 81 0 8 -101.409492
62 77 0 8 -101.419899
25 69 0 8 -101.477997
50 77 0 8 -101.480141
5 33 0 8 -101.512222
6 50 0 8 -101.534973
15 64 0 8 -101.536835
51 88 0 8 -101.555412
65 76 0 8 -101.563019
61 81 0 8 -101.596642
66 91 0 8 -101.599854
35 75 0 8 -101.660385
52 83 0 8 -101.663116
11 51 0 8 -101.687904
72 91 0 8 -101.773819
11 84 0 8 -101.845634
12 26 0 8 -101.942940
28 61 0 8 -101.975006
22 62 0 8 -102.000893
15 52 0 8 -102.018356
6 52 0 8 -102.023010
20 66 0 8 -102.026840
69 77 0 8 -102.045189
3 61 0 8 -102.074333
51 85 0 8 -102.097984
59 85 0 8 -102.118759
2 25 0 8 -102.206139
47 87 0 8 -102.219681
13 89 0 8 -102.235954
3 69 0 8 -102.259369
45 89 0 8 -102.313339
22 63 0 8 -102.344337
3 67 0 8 -102.382179
44 83 0 8 -102.382439
11 43 0 8 -102.424271
31 82 0 8 -102.451950
19 59 0 8 -102.486954
47 75 0 8 -102.493988
16 66 0 8 -102.507935
15 61 0 8 -102.559021
20 70 0 8 -102.606339
26 65 0 8 -102.627907
14 90 0 8 -102.628914
45 86 0 8 -102.638626
2 68 0 8 -102.667313
9 57 0 8 -102.670036
24 76 0 8 -102.741104
21 80 0 8 -102.753342
31 79 0 8 -102.797951
68 82 0 8 -102.815247
5 45 0 8 -102.862312
63 88 0 8 -102.867599
22 71 0 8 -102.878220
14 47 0 8 -102.901436
1 68 0 8 -102.959053
21 69 0 8 -102.966568
23 79 0 8 -103.000145
20 62 0 8 -103.061127
15 88 0 8 -103.068619
19 76 0 8 -103.146812
60 80 0 8 -103.152641
50 78 0 8 -103.194092
61 84 0 8 -103.207573
53 79 0 8 -103.328308
8 54 0 8 -103.339447
5 60 0 8 -103.352005
18 74 0 8 -103.352310
20 54 0 8 -103.384781
67 74 0 8 -103.394928
24 78 0 8 -103.447250
25 81 0 8 -103.484764
49 78 0 8 -103.495445
62 80 0 8 -103.509178
14 64 0 8 -103.581497
50 83 0 8 -103.583214
66 74 0 8 -103.671814
35 79 0 8 -103.705734
15 58 0 8 -103.748093
25 78 0 8 -103.757637
16 83 0 8 -103.831848
16 80 0 8 -103.914017
20 48 0 8 -103.917847
42 84 0 8 -103.921730
45 83 0 8 -103.935478
44 85 0 8 -103.939697
61 85 0 8 -104.011734
16 74 0 8 -104.041237
59 75 0 8 -104.112495
10 51 0 8 -104.125397
4 49 0 8 -104.140579
16 72 0 8 -104.167046
45 77 0 8 -104.197029
51 83 0 8 -104.244308
45 85 0 8 -104.275124
31 78 0 8 -104.283371
17 68 0 8 -104.289482
12 48 0 8 -104.293816
44 80 0 8 -104.359390
22 90 0 8 -104.367210
61 80 0 8 -104.442070
27 66 0 8 -104.503021
44 86 0 8 -104.516983
11 61 0 8 -104.531075
48 81 0 8 -104.534142
62 84 0 8 -104.547523
3 74 0 8 -104.559845
28 89 0 8 -104.637108
21 63 0 8 -104.782448
12 52 0 8 -104.837502
18 67 0 8 -104.849373
9 43 0 8 -104.921638
6 46 0 8 -104.953461
45 78 0 8 -105.005493
22 61 0 8 -105.034988
13 49 0 8 -105.060410
20 43 0 8 -105.072563
19 66 0 8 -105.098068
13 48 0 8 -105.119781
51 84 0 8 -105.225945
3 63 0 8 -105.250992
6 45 0 8 -105.263321
65 77 0 8 -105.298218
52 79 0 8 -105.316971
61 88 0 8 -105.363739
47 80 0 8 -105.363747
48 83 0 8 -105.410995
73 84 0 8 -105.431931
13 46 0 8 -105.466614
8 43 0 8 -105.482246
11 42 0 8 -105.490974
5 48 0 8 -105.495087
49 76 0 8 -105.529602
42 90 0 8 -105.586128
13 45 0 8 -105.605118
14 67 0 8 -105.629547
6 51 0 8 -105.703690
63 80 0 8 -105.721130
21 90 0 8 -105.876778
9 69 0 8 -105.905914
6 69 0 8 -105.934258
8 42 0 8 -105.973694
9 50 0 8 -106.010170
25 61 0 8 -106.033897
7 25 0 8 -106.068169
79 91 0 8 -106.085686
63 72 0 8 -106.120079
64 82 0 8 -106.126167
24 75 0 8 -106.140411
71 81 0 8 -106.219810
43 79 0 8 -106.238297
53 84 0 8 -106.282921
18 68 0 8 -106.313835
12 71 0 8 -106.358643
9 49 0 8 -106.361565
6 25 0 8 -106.392906
63 74 0 8 -106.397758
14 88 0 8 -106.398567
19 70 0 8 -106.469360
54 83 0 8 -106.483780
50 76 0 8 -106.528046
31 89 0 8 -106.576973
59 81 0 8 -106.764427
48 80 0 8 -106.783287
65 83 0 8 -106.842636
18 63 0 8 -106.848267
49 77 0 8 -106.863083
30 89 0 8 -106.904694
18 61 0 8 -106.940033
65 75 0 8 -106.968666
20 81 0 8 -106.976791
13 50 0 8 -106.979309
58 75 0 8 -106.980446
7 58 0 8 -106.996155
56 89 0 8 -107.062141
21 61 0 8 -107.129730
33 61 0 8 -107.139046
7 43 0 8 -107.208969
14 62 0 8 -107.329926
6 47 0 8 -107.421638
4 62 0 8 -107.520477
65 80 0 8 -107.528023
25 74 0 8 -107.555328
6 48 0 8 -107.567421
16 62 0 8 -107.580093
10 49 0 8 -107.582932
72 80 0 8 -107.633263
5 46 0 8 -107.661270
12 87 0 8 -107.692574
57 88 0 8 -107.701263
56 88 0 8 -107.720482
49 75 0 8 -107.749405
57 82 0 8 -107.813499
1 31 0 8 -107.880386
27 53 0 8 -107.953102
60 73 0 8 -108.008987
80 90 0 8 -108.017563
1 64 0 8 -108.081985
32 83 0 8 -108.102158
44 89 0 8 -108.115440
10 63 0 8 -108.122711
27 91 0 8 -108.146927
21 77 0 8 -108.168823
47 79 0 8 -108.190094
19 67 0 8 -108.214760
64 73 0 8 -108.262611
15 69 0 8 -108.305779
62 90 0 8 -108.310837
21 70 0 8 -108.316902
13 43 0 8 -108.336617
5 42 0 8 -108.364433
53 85 0 8 -108.437531
33 48 0 8 -108.510841
72 90 0 8 -108.567520
20 68 0 8 -108.731407
15 48 0 8 -108.754623
5 65 0 8 -108.793091
4 58 0 8 -108.822105
7 47 0 8 -108.907921
12 61 0 8 -108.932938
31 88 0 8 -109.055954
56 87 0 8 -109.118973
33 60 0 8 -109.150688
9 48 0 8 -109.153267
20 67 0 8 -109.222000
43 85 0 8 -109.254128
16 81 0 8 -109.268379
53 83 0 8 -109.307518
5 62 0 8 -109.309357
23 90 0 8 -109.325699
6 68 0 8 -109.342628
25 68 0 8 -109.348572
26 74 0 8 -109.398560
9 51 0 8 -109.403770
22 68 0 8 -109.406944
10 45 0 8 -109.469917
47 83 0 8 -109.528839
5 69 0 8 -109.561630
12 42 0 8 -109.621490
65 78 0 8 -109.625595
12 43 0 8 -109.628990
21 74 0 8 -109.702713
6 61 0 8 -109.741196
25 91 0 8 -109.759781
25 83 0 8 -109.782562
20 55 0 8 -109.867165
11 62 0 8 -109.895859
4 59 0 8 -109.972664
17 62 0 8 -109.993896
81 86 0 8 -110.016472
12 88 0 8 -110.071266
14 68 0 8 -110.108597
35 77 0 8 -110.123543
44 78 0 8 -110.180527
14 69 0 8 -110.212929
14 63 0 8 -110.217857
19 72 0 8 -110.241631
35 76 0 8 -110.250229
1 60 0 8 -110.287209
46 83 0 8 -110.297958
17 69 0 8 -110.417206
19 64 0 8 -110.481133
61 82 0 8 -110.500809
3 70 0 8 -110.516273
5 90 0 8 -110.529129
16 63 0 8 -110.532249
62 85 0 8 -110.537445
67 78 0 8 -110.549736
24 77 0 8 -110.601143
11 67 0 8 -110.652252
19 81 0 8 -110.731949
44 77 0 8 -110.734825
9 89 0 8 -110.760979
33 66 0 8 -110.903183
9 47 0 8 -110.926247
85 91 0 8 -110.933792
71 82 0 8 -111.021408
17 64 0 8 -111.043816
42 85 0 8 -111.052986
55 78 0 8 -111.069786
21 89 0 8 -111.076210
1 22 0 8 -111.092033
1 11 0 8 -111.174400
25 63 0 8 -111.205444
3 66 0 8 -111.242889
15 84 0 8 -111.267105
66 90 0 8 -111.278999
70 76 0 8 -111.326302
12 63 0 8 -111.381126
47 88 0 8 -111.411552
49 83 0 8 -111.429665
12 59 0 8 -111.432472
9 62 0 8 -111.442009
4 54 0 8 -111.483475
4 55 0 8 -111.505066
5 67 0 8 -111.505951
7 51 0 8 -111.552994
23 75 0 8 -111.602814
83 91 0 8 -111.607246
9 54 0 8 -111.615440
6 55 0 8 -111.730484
70 79 0 8 -111.758530
6 65 0 8 -111.874382
2 27 0 8 -111.969505
6 80 0 8 -112.037102
17 65 0 8 -112.057137
32 61 0 8 -112.061363
7 69 0 8 -112.102165
68 76 0 8 -112.105019
13 62 0 8 -112.105804
13 53 0 8 -112.154709
10 53 0 8 -112.218262
15 67 0 8 -112.284714
1 20 0 8 -112.295174
22 81 0 8 -112.317406
67 75 0 8 -112.328812
54 86 0 8 -112.356567
6 60 0 8 -112.360268
19 80 0 8 -112.362015
44 87 0 8 -112.372421
1 82 0 8 -112.388741
5 52 0 8 -112.472305
51 76 0 8 -112.515991
25 64 0 8 -112.578651
6 53 0 8 -112.594238
13 54 0 8 -112.870842
20 47 0 8 -112.905975
14 85 0 8 -112.936043
54 77 0 8 -113.017021
52 78 0 8 -113.026527
53 76 0 8 -113.032204
33 67 0 8 -113.042229
75 90 0 8 -113.090195
9 53 0 8 -113.157257
55 88 0 8 -113.191132
22 60 0 8 -113.198730
9 45 0 8 -113.199669
32 59 0 8 -113.212296
21 60 0 8 -113.221947
1 21 0 8 -113.318214
64 77 0 8 -113.444824
6 63 0 8 -113.598099
23 78 0 8 -113.619217
26 70 0 8 -113.624451
63 86 0 8 -113.642647
58 89 0 8 -113.713806
7 50 0 8 -113.815872
18 81 0 8 -113.840302
13 27 0 8 -113.895554
20 63 0 8 -113.975563
13 52 0 8 -114.181000
6 44 0 8 -114.191902
73 90 0 8 -114.203064
6 58 0 8 -114.245102
12 65 0 8 -114.270988
8 69 0 8 -114.391495
21 81 0 8 -114.391899
18 73 0 8 -114.476418
7 49 0 8 -114.531113
7 56 0 8 -114.589584
16 60 0 8 -114.662224
19 74 0 8 -114.672249
19 84 0 8 -114.692001
61 83 0 8 -114.698112
11 65 0 8 -114.793633
21 68 0 8 -114.821678
47 76 0 8 -114.822777
25 67 0 8 -114.856583
43 87 0 8 -114.879868
46 75 0 8 -114.960403
1 74 0 8 -115.111580
21 73 0 8 -115.126801
19 63 0 8 -115.135002
7 52 0 8 -115.197029
43 78 0 8 -115.215096
9 52 0 8 -115.279221
61 74 0 8 -115.339523
9 46 0 8 -115.409889
21 67 0 8 -115.417442
2 71 0 8 -115.498230
7 45 0 8 -115.516693
66 82 0 8 -115.533516
63 82 0 8 -115.567879
51 75 0 8 -115.595573
5 64 0 8 -115.667961
2 79 0 8 -115.700600
30 88 0 8 -115.713432
68 83 0 8 -115.715446
2 85 0 8 -115.748924
26 75 0 8 -115.754539
42 89 0 8 -115.763428
21 79 0 8 -115.834259
11 66 0 8 -115.845383
6 67 0 8 -115.863121
75 86 0 8 -115.870415
8 49 0 8 -116.003197
43 77 0 8 -116.030937
25 65 0 8 -116.058556
48 86 0 8 -116.171463
8 51 0 8 -116.196602
11 68 0 8 -116.198692
11 63 0 8 -116.200188
20 89 0 8 -116.251556
9 44 0 8 -116.282608
33 83 0 8 -116.342033
62 83 0 8 -116.417671
11 33 0 8 -116.449150
14 65 0 8 -116.484222
32 65 0 8 -116.516808
4 32 0 8 -116.530411
14 66 0 8 -116.532585
12 64 0 8 -116.566605
13 47 0 8 -116.592613
32 69 0 8 -116.660522
18 60 0 8 -116.742821
32 71 0 8 -116.826180
9 55 0 8 -116.842293
3 28 0 8 -116.880203
1 87 0 8 -116.900955
64 75 0 8 -116.905647
7 81 0 8 -116.928391
70 85 0 8 -117.010170
47 77 0 8 -117.090210
5 80 0 8 -117.148651
17 60 0 8 -117.240982
8 50 0 8 -117.241402
43 84 0 8 -117.255737
21 62 0 8 -117.329048
19 60 0 8 -117.438164
20 90 0 8 -117.497963
17 63 0 8 -117.536148
61 79 0 8 -117.545151
10 71 0 8 -117.600769
46 76 0 8 -117.660835
5 59 0 8 -117.695839
12 25 0 8 -117.734795
32 68 0 8 -117.756973
44 76 0 8 -117.818428
51 78 0 8 -117.820175
15 63 0 8 -117.868340
67 88 0 8 -118.031036
43 83 0 8 -118.074097
57 86 0 8 -118.107315
67 79 0 8 -118.112923
10 32 0 8 -118.175552
2 26 0 8 -118.289307
59 77 0 8 -118.411026
60 83 0 8 -118.451042
22 67 0 8 -118.457108
8 61 0 8 -118.509270
7 48 0 8 -118.510338
8 45 0 8 -118.533463
32 64 0 8 -118.605850
50 86 0 8 -118.661636
82 89 0 8 -118.691193
19 61 0 8 -118.693291
52 77 0 8 -118.764786
47 78 0 8 -118.799034
73 88 0 8 -118.822632
71 80 0 8 -118.861336
15 65 0 8 -118.949562
78 91 0 8 -119.000504
24 85 0 8 -119.018036
8 57 0 8 -119.028564
25 73 0 8 -119.036369
19 90 0 8 -119.327301
12 85 0 8 -119.350868
55 76 0 8 -119.367172
3 65 0 8 -119.426025
32 60 0 8 -119.439522
5 81 0 8 -119.456543
10 55 0 8 -119.492172
53 78 0 8 -119.512688
52 76 0 8 -119.666832
20 64 0 8 -119.669380
77 90 0 8 -119.701164
17 61 0 8 -119.716347
3 26 0 8 -119.754204
7 46 0 8 -119.766693
51 77 0 8 -119.771980
31 83 0 8 -119.837143
12 33 0 8 -119.862709
43 76 0 8 -119.895767
8 52 0 8 -119.916481
5 58 0 8 -119.922318
14 74 0 8 -120.041489
4 66 0 8 -120.050285
46 78 0 8 -120.083221
8 58 0 8 -120.086678
33 81 0 8 -120.096153
17 83 0 8 -120.097977
9 68 0 8 -120.134254
21 72 0 8 -120.147263
64 85 0 8 -120.167099
64 78 0 8 -120.190727
9 61 0 8 -120.254639
7 80 0 8 -120.305618
54 85 0 8 -120.409706
7 61 0 8 -120.418800
55 87 0 8 -120.444839
33 74 0 8 -120.514503
16 82 0 8 -120.570427
62 76 0 8 -120.691292
8 48 0 8 -120.704750
17 66 0 8 -120.792267
5 56 0 8 -120.949493
68 90 0 8 -121.029251
13 65 0 8 -121.060326
17 74 0 8 -121.177628
55 82 0 8 -121.187759
9 81 0 8 -121.312943
82 87 0 8 -121.314117
42 82 0 8 -121.343178
5 71 0 8 -121.358406
33 70 0 8 -121.410255
9 83 0 8 -121.497345
11 52 0 8 -121.571594
58 88 0 8 -121.737465
63 85 0 8 -121.744110
2 32 0 8 -121.746178
55 77 0 8 -121.762581
15 66 0 8 -121.795998
12 60 0 8 -121.863724
60 75 0 8 -121.891190
60 86 0 8 -121.893555
76 83 0 8 -121.944649
61 78 0 8 -121.951866
8 47 0 8 -121.953514
10 61 0 8 -121.973869
70 82 0 8 -122.001991
24 89 0 8 -122.032005
6 59 0 8 -122.088844
58 79 0 8 -122.128792
68 78 0 8 -122.195374
44 84 0 8 -122.206444
69 89 0 8 -122.234383
70 84 0 8 -122.243652
14 78 0 8 -122.314362
20 72 0 8 -122.352173
3 86 0 8 -122.352219
15 89 0 8 -122.478073
13 33 0 8 -122.517448
46 86 0 8 -122.540955
25 72 0 8 -122.600883
22 87 0 8 -122.650963
6 66 0 8 -122.802475
63 75 0 8 -122.809692
6 62 0 8 -122.878334
72 81 0 8 -122.939270
65 81 0 8 -122.939545
71 86 0 8 -122.958496
4 60 0 8 -122.985764
8 81 0 8 -123.058922
9 65 0 8 -123.079590
67 89 0 8 -123.261879
28 77 0 8 -123.299881
63 73 0 8 -123.312805
1 26 0 8 -123.337273
25 62 0 8 -123.413780
81 90 0 8 -123.517143
28 84 0 8 -123.524437
74 91 0 8 -123.542625
18 87 0 8 -123.593933
79 90 0 8 -123.608704
68 84 0 8 -123.714096
55 75 0 8 -123.782082
63 83 0 8 -123.832466
28 90 0 8 -123.907898
66 83 0 8 -123.923271
18 80 0 8 -123.939323
53 75 0 8 -124.170288
9 59 0 8 -124.201370
66 78 0 8 -124.272247
18 88 0 8 -124.311943
18 83 0 8 -124.326050
7 53 0 8 -124.355141
14 80 0 8 -124.373024
7 55 0 8 -124.409218
48 88 0 8 -124.416878
15 74 0 8 -124.460342
8 62 0 8 -124.505295
20 82 0 8 -124.529480
24 83 0 8 -124.552193
49 88 0 8 -124.573677
8 46 0 8 -124.619682
13 68 0 8 -124.790771
46 77 0 8 -124.910591
18 72 0 8 -124.965233
12 68 0 8 -124.968605
68 77 0 8 -125.166710
22 79 0 8 -125.257294
67 76 0 8 -125.262733
52 75 0 8 -125.292282
16 78 0 8 -125.359604
19 73 0 8 -125.398613
11 70 0 8 -125.432068
13 66 0 8 -125.475792
15 79 0 8 -125.582016
42 87 0 8 -125.621178
4 47 0 8 -125.723396
32 73 0 8 -125.735268
20 61 0 8 -125.780457
65 74 0 8 -125.781776
66 89 0 8 -125.809280
71 87 0 8 -125.845055
2 10 0 8 -125.910889
28 78 0 8 -126.010735
8 53 0 8 -126.025734
7 62 0 8 -126.157623
24 86 0 8 -126.240585
53 77 0 8 -126.297997
1 84 0 8 -126.365646
6 81 0 8 -126.407608
19 89 0 8 -126.425484
46 87 0 8 -126.433617
17 90 0 8 -126.452095
11 50 0 8 -126.491142
17 67 0 8 -126.596657
3 80 0 8 -126.620583
71 84 0 8 -126.649788
7 44 0 8 -126.731544
33 78 0 8 -127.030731
4 69 0 8 -127.039444
32 63 0 8 -127.068008
20 79 0 8 -127.184052
67 77 0 8 -127.184273
7 63 0 8 -127.220421
1 33 0 8 -127.250099
9 63 0 8 -127.371483
4 64 0 8 -127.520134
16 73 0 8 -127.546005
63 89 0 8 -127.612488
13 64 0 8 -127.669617
12 67 0 8 -127.817566
3 83 0 8 -127.835648
13 63 0 8 -127.866974
49 87 0 8 -127.896652
18 84 0 8 -127.899597
33 68 0 8 -128.019180
75 91 0 8 -128.167938
61 75 0 8 -128.255142
5 66 0 8 -128.463898
66 85 0 8 -128.596344
23 85 0 8 -128.664261
12 70 0 8 -128.800476
15 81 0 8 -128.837616
20 60 0 8 -128.920731
65 88 0 8 -128.996231
9 82 0 8 -129.002335
17 80 0 8 -129.043320
3 90 0 8 -129.070770
28 83 0 8 -129.198074
5 68 0 8 -129.240723
2 81 0 8 -129.365829
71 88 0 8 -129.386810
17 82 0 8 -129.397812
12 66 0 8 -129.504425
17 76 0 8 -129.538681
10 64 0 8 -129.634720
18 82 0 8 -129.666687
42 83 0 8 -129.719467
50 87 0 8 -129.845184
20 73 0 8 -129.891541
27 74 0 8 -129.972580
4 67 0 8 -130.019043
66 87 0 8 -130.119690
7 64 0 8 -130.156830
13 59 0 8 -130.341568
54 87 0 8 -130.346054
11 60 0 8 -130.433365
8 44 0 8 -130.435074
28 85 0 8 -130.513504
33 71 0 8 -130.566315
61 77 0 8 -130.685562
17 77 0 8 -130.866364
20 76 0 8 -130.904068
8 83 0 8 -130.962402
14 77 0 8 -130.964645
20 88 0 8 -130.970749
52 85 0 8 -131.027206
8 55 0 8 -131.053558
63 77 0 8 -131.094162
22 73 0 8 -131.149521
52 86 0 8 -131.284286
63 78 0 8 -131.417572
14 89 0 8 -131.619614
67 82 0 8 -131.658798
56 86 0 8 -131.678696
52 87 0 8 -131.739090
65 87 0 8 -131.776581
9 67 0 8 -131.778488
22 83 0 8 -131.824829
26 79 0 8 -131.868607
59 89 0 8 -131.973877
66 84 0 8 -132.114288
13 67 0 8 -132.120789
53 86 0 8 -132.122223
61 89 0 8 -132.160233
64 84 0 8 -132.169815
8 65 0 8 -132.170242
51 87 0 8 -132.202759
48 85 0 8 -132.220184
16 76 0 8 -132.223862
69 88 0 8 -132.230301
66 77 0 8 -132.325516
17 87 0 8 -132.407639
72 86 0 8 -132.572632
48 82 0 8 -132.573502
14 76 0 8 -132.589676
19 83 0 8 -132.641724
27 60 0 8 -132.901764
6 72 0 8 -132.962128
20 71 0 8 -133.068848
33 82 0 8 -133.279434
61 76 0 8 -133.371613
63 76 0 8 -133.543808
1 78 0 8 -133.620895
32 67 0 8 -133.703857
22 74 0 8 -133.713242
73 81 0 8 -133.739273
19 88 0 8 -133.873474
58 86 0 8 -134.039185
78 89 0 8 -134.056274
20 77 0 8 -134.061462
12 83 0 8 -134.125854
80 87 0 8 -134.184601
66 75 0 8 -134.258942
18 89 0 8 -134.284195
33 59 0 8 -134.316544
7 65 0 8 -134.317764
69 83 0 8 -134.420914
66 76 0 8 -134.504578
4 89 0 8 -134.624466
4 33 0 8 -134.703461
7 68 0 8 -135.134750
79 88 0 8 -135.148026
64 86 0 8 -135.174301
8 63 0 8 -135.212128
65 86 0 8 -135.394669
10 70 0 8 -135.396637
63 87 0 8 -135.412979
46 88 0 8 -135.448212
15 80 0 8 -135.573456
33 80 0 8 -135.653412
3 81 0 8 -135.790833
32 72 0 8 -135.914093
19 85 0 8 -136.125473
22 78 0 8 -136.243332
42 86 0 8 -136.266266
77 91 0 8 -136.380920
69 84 0 8 -136.491119
17 88 0 8 -136.517029
80 88 0 8 -136.579636
4 71 0 8 -136.705276
10 69 0 8 -136.893082
72 84 0 8 -136.963104
15 78 0 8 -137.152527
7 67 0 8 -137.167038
11 89 0 8 -137.787140
11 77 0 8 -137.919098
9 66 0 8 -137.946503
9 64 0 8 -137.949661
43 86 0 8 -137.984055
23 86 0 8 -138.036652
9 60 0 8 -138.037354
18 86 0 8 -138.264877
74 87 0 8 -138.290970
51 86 0 8 -138.377502
65 85 0 8 -138.414215
11 80 0 8 -138.592194
14 72 0 8 -138.620193
13 70 0 8 -138.654938
65 82 0 8 -138.716797
16 77 0 8 -138.748215
58 87 0 8 -138.758499
22 72 0 8 -138.882095
8 68 0 8 -138.953796
8 82 0 8 -138.998352
4 90 0 8 -139.078735
4 25 0 8 -139.154755
27 85 0 8 -139.183228
69 82 0 8 -139.428635
12 80 0 8 -139.432297
32 75 0 8 -139.493500
79 85 0 8 -139.509506
16 79 0 8 -139.513153
8 59 0 8 -139.519547
4 81 0 8 -139.536789
30 86 0 8 -139.588669
11 28 0 8 -139.604767
20 74 0 8 -139.676346
8 64 0 8 -139.723434
17 84 0 8 -139.809174
12 73 0 8 -139.918167
24 87 0 8 -139.952713
60 88 0 8 -140.019058
11 74 0 8 -140.242264
4 83 0 8 -140.358673
32 77 0 8 -140.368378
26 78 0 8 -140.458603
2 90 0 8 -140.526169
7 60 0 8 -140.542343
8 60 0 8 -140.817947
71 85 0 8 -140.875977
8 67 0 8 -141.059326
19 75 0 8 -141.177826
29 86 0 8 -141.270767
74 90 0 8 -141.425964
18 78 0 8 -141.485046
20 83 0 8 -141.591156
20 87 0 8 -141.596130
10 73 0 8 -141.654480
80 89 0 8 -141.843658
71 90 0 8 -142.038574
18 85 0 8 -142.196350
5 79 0 8 -142.299911
78 82 0 8 -142.347855
10 67 0 8 -142.470078
3 72 0 8 -142.566711
4 68 0 8 -142.910385
10 33 0 8 -142.957550
22 75 0 8 -143.001633
5 88 0 8 -143.221878
21 84 0 8 -143.259857
17 78 0 8 -143.358322
33 72 0 8 -143.406052
7 59 0 8 -143.479660
80 84 0 8 -143.499741
1 75 0 8 -143.509293
21 83 0 8 -143.645950
21 88 0 8 -143.675079
53 87 0 8 -143.708054
10 79 0 8 -143.968140
4 79 0 8 -144.010895
32 81 0 8 -144.156677
7 66 0 8 -144.184387
48 87 0 8 -144.447464
70 89 0 8 -144.662079
30 87 0 8 -144.769196
24 88 0 8 -144.837616
1 77 0 8 -144.847000
10 74 0 8 -144.925217
10 65 0 8 -144.961182
22 82 0 8 -145.087982
16 90 0 8 -145.106674
65 84 0 8 -145.479370
12 86 0 8 -145.860229
14 83 0 8 -145.937698
68 85 0 8 -146.022690
27 76 0 8 -146.057465
3 73 0 8 -146.112900
13 80 0 8 -146.130615
14 73 0 8 -146.325165
13 76 0 8 -146.369461
32 78 0 8 -146.495270
66 86 0 8 -146.576080
33 75 0 8 -146.588242
21 85 0 8 -146.674072
19 79 0 8 -147.107819
13 86 0 8 -147.176483
13 81 0 8 -147.188828
9 80 0 8 -147.246765
18 79 0 8 -147.625259
4 82 0 8 -147.918655
21 86 0 8 -148.075211
16 75 0 8 -148.163269
26 77 0 8 -148.200607
33 79 0 8 -148.243668
9 87 0 8 -148.308121
13 77 0 8 -148.312393
13 74 0 8 -148.473907
15 76 0 8 -148.529633
17 89 0 8 -148.542252
67 84 0 8 -148.636459
20 84 0 8 -148.691376
31 87 0 8 -148.818787
19 82 0 8 -149.057983
10 84 0 8 -149.347351
5 82 0 8 -149.371918
67 83 0 8 -149.380371
3 76 0 8 -149.449188
17 72 0 8 -149.481964
27 89 0 8 -149.500046
67 86 0 8 -149.560562
8 66 0 8 -149.636948
77 84 0 8 -149.664719
13 73 0 8 -149.710495
18 75 0 8 -149.776459
20 75 0 8 -149.868912
25 75 0 8 -149.917236
59 82 0 8 -149.975510
14 79 0 8 -150.071838
32 70 0 8 -150.124832
77 83 0 8 -150.262344
15 73 0 8 -150.431381
13 72 0 8 -150.505630
21 75 0 8 -150.510559
67 85 0 8 -150.656387
21 87 0 8 -150.769424
12 74 0 8 -150.769821
13 71 0 8 -150.917923
27 77 0 8 -151.061996
12 89 0 8 -151.154633
16 85 0 8 -151.523392
28 87 0 8 -151.602951
5 84 0 8 -151.612000
21 82 0 8 -151.612350
16 89 0 8 -151.750931
27 86 0 8 -151.846146
11 73 0 8 -152.076675
7 83 0 8 -152.079071
78 90 0 8 -152.262848
76 86 0 8 -152.393097
17 79 0 8 -152.545593
19 78 0 8 -152.730392
3 84 0 8 -152.743362
17 81 0 8 -153.122314
33 76 0 8 -153.133820
11 71 0 8 -153.204269
9 73 0 8 -153.286392
83 89 0 8 -153.681732
72 88 0 8 -153.736664
33 77 0 8 -153.766571
9 77 0 8 -154.160583
5 73 0 8 -154.164505
11 76 0 8 -154.258743
9 76 0 8 -154.315613
23 87 0 8 -154.577026
69 86 0 8 -154.916092
76 84 0 8 -154.979263
5 85 0 8 -155.111496
6 83 0 8 -155.137573
4 87 0 8 -155.210327
3 75 0 8 -155.231232
3 85 0 8 -155.554550
32 79 0 8 -155.741577
1 85 0 8 -155.851868
5 83 0 8 -155.914276
68 89 0 8 -156.096634
3 79 0 8 -156.445389
78 84 0 8 -156.498520
6 74 0 8 -156.559601
77 82 0 8 -156.616547
5 72 0 8 -156.631363
20 78 0 8 -156.633850
60 87 0 8 -156.750488
15 77 0 8 -156.832108
20 86 0 8 -156.852432
61 86 0 8 -157.064728
27 82 0 8 -157.255035
7 82 0 8 -157.263504
69 85 0 8 -157.267502
6 82 0 8 -158.060150
13 79 0 8 -158.137573
21 78 0 8 -158.231796
8 80 0 8 -158.431992
4 86 0 8 -158.538712
6 79 0 8 -158.636063
10 60 0 8 -158.868164
64 87 0 8 -158.938324
6 73 0 8 -159.172562
14 81 0 8 -159.219467
15 85 0 8 -159.257919
9 72 0 8 -159.400955
25 77 0 8 -159.475693
59 86 0 8 -159.626831
14 82 0 8 -159.785889
61 87 0 8 -159.886475
15 82 0 8 -159.921722
4 73 0 8 -160.007065
12 79 0 8 -160.043198
6 75 0 8 -160.157303
74 85 0 8 -160.169144
8 88 0 8 -160.362976
5 78 0 8 -160.465729
9 74 0 8 -160.609848
80 85 0 8 -160.796799
79 89 0 8 -160.934052
12 78 0 8 -160.969742
60 84 0 8 -161.029251
15 75 0 8 -161.120499
26 76 0 8 -161.135803
75 89 0 8 -161.160309
7 79 0 8 -161.678955
15 83 0 8 -161.820969
8 76 0 8 -162.196884
68 88 0 8 -162.333496
73 86 0 8 -162.640686
6 85 0 8 -162.728638
3 88 0 8 -162.853180
14 75 0 8 -163.120407
81 89 0 8 -163.386505
25 76 0 8 -163.685135
8 77 0 8 -163.694656
82 90 0 8 -163.858688
15 86 0 8 -163.876801
5 87 0 8 -163.920822
17 73 0 8 -163.962173
3 32 0 8 -163.987396
20 85 0 8 -164.802094
77 86 0 8 -165.073166
27 87 0 8 -165.299911
6 88 0 8 -165.460220
7 74 0 8 -165.707703
17 75 0 8 -165.893341
68 86 0 8 -166.192856
6 77 0 8 -166.260406
13 78 0 8 -166.404572
81 85 0 8 -166.826965
67 87 0 8 -167.194733
32 76 0 8 -167.214233
7 77 0 8 -167.417679
78 85 0 8 -167.518433
7 76 0 8 -167.831390
77 89 0 8 -168.103394
13 75 0 8 -168.162354
27 88 0 8 -168.279922
4 88 0 8 -168.458298
5 74 0 8 -168.651474
2 83 0 8 -168.779358
9 85 0 8 -168.816391
10 90 0 8 -168.890213
13 85 0 8 -168.944550
2 82 0 8 -169.153534
4 80 0 8 -169.212845
77 85 0 8 -169.913147
8 74 0 8 -169.952118
1 86 0 8 -170.041992
2 88 0 8 -170.050049
11 72 0 8 -170.188766
8 85 0 8 -170.401932
3 78 0 8 -170.471802
8 73 0 8 -170.500443
9 78 0 8 -170.515640
70 88 0 8 -170.840469
3 82 0 8 -171.145020
4 72 0 8 -171.355377
82 88 0 8 -171.702042
73 85 0 8 -171.781952
6 84 0 8 -171.954468
5 75 0 8 -172.419403
6 76 0 8 -173.148727
7 85 0 8 -173.254425
77 88 0 8 -173.719345
2 84 0 8 -174.081024
12 76 0 8 -174.118881
76 89 0 8 -174.160767
8 78 0 8 -174.275986
7 73 0 8 -174.462784
4 76 0 8 -174.590927
10 88 0 8 -174.779755
6 86 0 8 -174.927078
6 78 0 8 -175.026337
7 88 0 8 -175.056732
12 82 0 8 -175.099258
7 72 0 8 -175.100662
75 84 0 8 -175.286682
5 76 0 8 -175.977402
8 79 0 8 -176.162582
7 78 0 8 -176.550461
1 76 0 8 -177.068176
27 83 0 8 -177.103241
27 84 0 8 -177.622894
72 87 0 8 -177.737915
17 86 0 8 -178.449936
68 87 0 8 -178.664856
10 76 0 8 -178.819733
69 87 0 8 -179.194733
3 77 0 8 -179.253815
9 88 0 8 -179.293991
7 87 0 8 -179.519638
8 72 0 8 -179.611908
4 74 0 8 -179.991379
81 87 0 8 -180.273346
5 77 0 8 -180.440994
9 79 0 8 -180.520889
4 85 0 8 -180.607025
10 77 0 8 -180.761505
11 75 0 8 -181.196564
8 87 0 8 -181.565323
10 78 0 8 -182.851654
6 87 0 8 -183.181076
74 86 0 8 -183.273087
76 88 0 8 -183.675476
4 78 0 8 -183.841278
7 86 0 8 -184.046738
10 75 0 8 -184.132263
74 88 0 8 -184.341141
8 75 0 8 -184.671341
76 85 0 8 -185.146835
79 87 0 8 -185.154541
11 78 0 8 -185.302979
9 84 0 8 -185.355789
2 86 0 8 -185.500687
8 84 0 8 -185.553131
10 72 0 8 -185.559647
4 84 0 8 -185.753189
4 77 0 8 -185.926575
78 86 0 8 -186.328033
75 85 0 8 -186.614502
5 86 0 8 -186.651138
12 75 0 8 -187.061798
8 86 0 8 -187.410706
9 86 0 8 -187.419876
9 75 0 8 -187.819550
78 88 0 8 -188.168671
12 77 0 8 -188.992310
78 83 0 8 -189.993042
70 87 0 8 -191.218460
2 87 0 8 -191.526917
7 75 0 8 -191.588455
7 84 0 8 -192.286316
4 75 0 8 -194.108780
79 86 0 8 -194.782776
14 86 0 8 -195.849640
3 87 0 8 -199.853973
73 87 0 8 -206.604813
77 87 0 8 -209.307816
76 87 0 8 -210.826721
78 87 0 8 -211.347168
