19 29 0 8 13.707561
6 34 0 8 7.149973
15 22 0 8 6.993499
30 36 0 8 6.940474
27 37 0 8 6.057851
5 22 0 8 5.581024
60 79 0 8 5.487166
15 29 0 8 5.383587
39 47 0 8 5.197813
20 25 0 8 4.965073
14 59 0 8 4.962780
23 29 0 8 4.818294
61 68 0 8 4.565976
62 67 0 8 4.496115
18 51 0 8 4.477021
21 50 0 8 4.407753
65 79 0 8 4.401293
24 39 0 8 4.283052
46 52 0 8 4.241877
6 30 0 8 4.156959
26 35 0 8 4.129816
49 58 0 8 4.125709
24 57 0 8 3.970059
32 38 0 8 3.954261
21 47 0 8 3.922948
68 82 0 8 3.882538
69 79 0 8 3.822102
9 32 0 8 3.776126
3 42 0 8 3.761050
16 57 0 8 3.750526
22 35 0 8 3.749186
37 42 0 8 3.728960
65 70 0 8 3.663180
24 41 0 8 3.608416
14 60 0 8 3.585996
11 16 0 8 3.581728
31 36 0 8 3.570025
10 16 0 8 3.567012
55 62 0 8 3.559551
18 64 0 8 3.504869
30 56 0 8 3.478327
2 84 0 8 3.466252
27 33 0 8 3.463402
74 79 0 8 3.417451
30 53 0 8 3.398427
60 67 0 8 3.373461
30 37 0 8 3.367529
23 36 0 8 3.360118
2 75 0 8 3.339729
6 28 0 8 3.328235
12 29 0 8 3.314875
6 41 0 8 3.279589
40 65 0 8 3.258615
62 75 0 8 3.234397
7 23 0 8 3.204791
27 34 0 8 3.163398
25 36 0 8 3.118502
52 57 0 8 3.074295
27 40 0 8 3.072231
62 68 0 8 3.051660
56 65 0 8 3.046332
16 41 0 8 3.032621
24 32 0 8 3.005895
24 37 0 8 3.002722
27 39 0 8 3.002466
72 79 0 8 2.997472
66 74 0 8 2.991093
34 44 0 8 2.985667
3 60 0 8 2.980167
21 54 0 8 2.977537
34 42 0 8 2.974640
24 68 0 8 2.969525
33 60 0 8 2.961560
2 43 0 8 2.958661
3 72 0 8 2.950018
67 75 0 8 2.949482
8 33 0 8 2.933146
53 70 0 8 2.929329
42 53 0 8 2.900847
65 78 0 8 2.892961
13 57 0 8 2.892375
13 46 0 8 2.891794
10 23 0 8 2.887302
30 65 0 8 2.868058
10 24 0 8 2.866945
73 78 0 8 2.857578
66 72 0 8 2.841686
44 64 0 8 2.827122
3 11 0 8 2.818708
5 47 0 8 2.800035
51 62 0 8 2.799971
3 18 0 8 2.781790
21 75 0 8 2.772948
24 34 0 8 2.757138
17 28 0 8 2.744356
10 59 0 8 2.740564
66 80 0 8 2.719168
2 28 0 8 2.696120
20 36 0 8 2.681287
72 80 0 8 2.677525
7 19 0 8 2.674458
75 84 0 8 2.666142
42 65 0 8 2.664924
55 60 0 8 2.661361
43 57 0 8 2.658561
27 35 0 8 2.649019
30 35 0 8 2.638728
15 33 0 8 2.634133
69 80 0 8 2.622973
45 52 0 8 2.610939
78 86 0 8 2.610828
63 75 0 8 2.602962
21 36 0 8 2.597653
2 46 0 8 2.591535
10 15 0 8 2.577261
46 55 0 8 2.566566
76 81 0 8 2.558224
15 35 0 8 2.558138
6 37 0 8 2.549185
61 66 0 8 2.532195
48 76 0 8 2.519506
43 81 0 8 2.493663
35 40 0 8 2.490266
45 63 0 8 2.480671
50 67 0 8 2.478241
6 32 0 8 2.474785
37 51 0 8 2.466691
11 18 0 8 2.463425
4 52 0 8 2.454431
45 50 0 8 2.450120
2 13 0 8 2.447846
48 53 0 8 2.439535
23 32 0 8 2.423584
25 48 0 8 2.403061
8 27 0 8 2.396561
14 24 0 8 2.395077
10 61 0 8 2.392791
12 48 0 8 2.382987
60 68 0 8 2.378359
47 55 0 8 2.372982
7 40 0 8 2.369938
43 75 0 8 2.367904
45 75 0 8 2.363866
51 60 0 8 2.363778
31 37 0 8 2.356538
48 64 0 8 2.351274
35 67 0 8 2.349152
23 40 0 8 2.346212
75 87 0 8 2.344907
17 37 0 8 2.302086
53 77 0 8 2.296046
66 71 0 8 2.293695
6 13 0 8 2.275298
14 20 0 8 2.267711
73 82 0 8 2.265747
53 61 0 8 2.262063
37 45 0 8 2.250144
3 16 0 8 2.240253
48 55 0 8 2.227400
57 62 0 8 2.216890
10 46 0 8 2.211354
56 74 0 8 2.203918
8 31 0 8 2.197803
17 49 0 8 2.186076
21 49 0 8 2.176510
64 77 0 8 2.163459
21 45 0 8 2.161270
33 81 0 8 2.148929
73 81 0 8 2.147706
29 35 0 8 2.145580
12 58 0 8 2.138187
14 23 0 8 2.127482
40 70 0 8 2.114128
20 50 0 8 2.112917
63 68 0 8 2.111645
28 40 0 8 2.109445
12 23 0 8 2.102659
4 72 0 8 2.093768
30 45 0 8 2.087180
64 69 0 8 2.086815
10 32 0 8 2.078503
31 38 0 8 2.074328
68 78 0 8 2.072440
23 37 0 8 2.072069
22 72 0 8 2.071141
17 69 0 8 2.070662
61 77 0 8 2.054967
20 46 0 8 2.052971
23 38 0 8 2.047908
44 60 0 8 2.045564
10 48 0 8 2.044167
12 18 0 8 2.042120
53 72 0 8 2.035729
53 73 0 8 2.033819
34 63 0 8 2.032904
67 72 0 8 2.017081
38 63 0 8 2.013587
26 38 0 8 2.013081
64 70 0 8 2.012850
52 78 0 8 2.000920
21 59 0 8 1.999647
33 51 0 8 1.983868
31 42 0 8 1.967837
30 63 0 8 1.957307
17 58 0 8 1.950630
36 65 0 8 1.949366
81 86 0 8 1.946017
13 31 0 8 1.937761
2 32 0 8 1.932373
17 63 0 8 1.931325
49 56 0 8 1.931274
32 37 0 8 1.920546
25 40 0 8 1.920269
52 80 0 8 1.918068
41 46 0 8 1.917774
40 62 0 8 1.906820
39 44 0 8 1.895684
11 31 0 8 1.890321
16 78 0 8 1.888796
79 87 0 8 1.888194
45 59 0 8 1.877794
5 41 0 8 1.873911
1 73 0 8 1.870482
42 73 0 8 1.869467
26 85 0 8 1.864779
15 26 0 8 1.858994
4 34 0 8 1.858015
48 69 0 8 1.853626
22 47 0 8 1.852515
25 49 0 8 1.850044
20 28 0 8 1.845521
50 58 0 8 1.844185
70 84 0 8 1.843925
47 71 0 8 1.826394
17 39 0 8 1.821165
18 54 0 8 1.810453
75 81 0 8 1.805054
48 57 0 8 1.798092
5 19 0 8 1.797287
9 34 0 8 1.796327
54 76 0 8 1.796161
9 24 0 8 1.790660
26 33 0 8 1.790034
60 71 0 8 1.778101
7 20 0 8 1.777260
49 74 0 8 1.774997
68 81 0 8 1.772646
40 56 0 8 1.771126
28 84 0 8 1.769015
11 19 0 8 1.766547
29 36 0 8 1.766045
19 50 0 8 1.760908
44 78 0 8 1.760064
5 76 0 8 1.756422
26 37 0 8 1.753311
77 82 0 8 1.750196
12 21 0 8 1.747593
29 87 0 8 1.747306
41 70 0 8 1.739100
11 52 0 8 1.738314
63 79 0 8 1.733975
38 62 0 8 1.732961
56 79 0 8 1.730355
24 70 0 8 1.723548
65 82 0 8 1.719250
34 71 0 8 1.718475
19 36 0 8 1.718035
20 37 0 8 1.706954
69 77 0 8 1.705411
41 47 0 8 1.701019
69 81 0 8 1.688592
25 50 0 8 1.680788
11 78 0 8 1.678080
17 54 0 8 1.676546
42 55 0 8 1.675509
69 74 0 8 1.673107
4 49 0 8 1.671061
35 44 0 8 1.668388
63 74 0 8 1.661173
26 88 0 8 1.652822
40 72 0 8 1.652798
35 82 0 8 1.647304
2 57 0 8 1.640148
42 50 0 8 1.639013
5 59 0 8 1.634395
17 53 0 8 1.633125
38 64 0 8 1.623717
48 71 0 8 1.619554
8 34 0 8 1.615645
30 69 0 8 1.606698
20 30 0 8 1.604406
3 44 0 8 1.603118
16 37 0 8 1.601544
68 74 0 8 1.601488
26 50 0 8 1.596538
43 85 0 8 1.592390
6 77 0 8 1.590612
20 49 0 8 1.584567
32 40 0 8 1.581198
44 51 0 8 1.578707
35 41 0 8 1.577772
7 34 0 8 1.576962
25 41 0 8 1.576839
6 24 0 8 1.572350
23 44 0 8 1.569759
61 85 0 8 1.551094
60 78 0 8 1.550092
48 81 0 8 1.533971
41 48 0 8 1.529643
40 58 0 8 1.527316
2 25 0 8 1.523522
75 86 0 8 1.521042
16 25 0 8 1.516411
19 26 0 8 1.513627
52 70 0 8 1.507013
84 90 0 8 1.501924
65 71 0 8 1.500290
22 49 0 8 1.494964
61 76 0 8 1.491525
67 73 0 8 1.484704
49 76 0 8 1.480196
2 66 0 8 1.478405
68 79 0 8 1.474390
41 71 0 8 1.474066
44 59 0 8 1.471457
18 65 0 8 1.470516
47 60 0 8 1.469452
69 82 0 8 1.466776
32 44 0 8 1.464710
3 12 0 8 1.455734
7 33 0 8 1.453142
73 80 0 8 1.452965
32 57 0 8 1.441460
23 34 0 8 1.439321
5 29 0 8 1.439200
22 45 0 8 1.438017
46 74 0 8 1.437365
18 55 0 8 1.430112
25 76 0 8 1.413963
2 40 0 8 1.410272
38 61 0 8 1.408829
23 66 0 8 1.405892
5 84 0 8 1.405502
44 83 0 8 1.404845
19 55 0 8 1.400687
40 66 0 8 1.397502
12 25 0 8 1.394601
4 36 0 8 1.391539
69 83 0 8 1.390055
4 30 0 8 1.381622
10 20 0 8 1.374975
30 52 0 8 1.371556
30 79 0 8 1.371214
51 79 0 8 1.370576
54 78 0 8 1.369427
2 20 0 8 1.368000
36 66 0 8 1.355165
47 56 0 8 1.354658
25 46 0 8 1.353079
13 19 0 8 1.348885
15 32 0 8 1.347684
18 31 0 8 1.346675
3 71 0 8 1.345551
3 24 0 8 1.345525
21 57 0 8 1.345325
6 90 0 8 1.342986
55 76 0 8 1.342605
23 80 0 8 1.342344
46 73 0 8 1.341056
44 50 0 8 1.333654
32 70 0 8 1.329992
35 81 0 8 1.325689
13 42 0 8 1.324597
25 82 0 8 1.320516
12 52 0 8 1.320181
14 40 0 8 1.319730
2 68 0 8 1.316804
61 80 0 8 1.307494
28 85 0 8 1.306078
54 80 0 8 1.305122
20 40 0 8 1.302706
46 84 0 8 1.302167
49 78 0 8 1.299767
32 58 0 8 1.296314
5 72 0 8 1.291056
29 75 0 8 1.289875
41 50 0 8 1.287074
47 52 0 8 1.281100
43 65 0 8 1.279533
38 51 0 8 1.276762
3 54 0 8 1.276296
31 39 0 8 1.272177
9 33 0 8 1.271079
16 50 0 8 1.267694
21 53 0 8 1.266888
9 18 0 8 1.266689
3 81 0 8 1.264784
48 56 0 8 1.263601
4 76 0 8 1.258194
28 75 0 8 1.257603
78 83 0 8 1.255083
54 70 0 8 1.254388
72 81 0 8 1.254216
5 53 0 8 1.249111
71 77 0 8 1.248769
12 72 0 8 1.246976
24 85 0 8 1.245290
31 68 0 8 1.245025
2 17 0 8 1.243514
53 64 0 8 1.241494
12 19 0 8 1.239861
79 86 0 8 1.239347
35 65 0 8 1.237683
69 88 0 8 1.236943
6 57 0 8 1.233026
15 37 0 8 1.232469
16 23 0 8 1.229265
43 49 0 8 1.227886
58 77 0 8 1.227409
31 40 0 8 1.223252
75 83 0 8 1.221715
25 61 0 8 1.220591
20 51 0 8 1.220298
14 65 0 8 1.220214
2 49 0 8 1.211288
29 84 0 8 1.209219
11 29 0 8 1.206549
10 49 0 8 1.205687
18 78 0 8 1.205279
17 40 0 8 1.203450
26 47 0 8 1.200831
2 39 0 8 1.194763
71 81 0 8 1.194666
23 63 0 8 1.193898
10 78 0 8 1.190472
5 44 0 8 1.189786
19 33 0 8 1.188044
8 17 0 8 1.187047
13 58 0 8 1.186102
44 63 0 8 1.185670
11 33 0 8 1.185278
14 57 0 8 1.185021
22 31 0 8 1.183488
60 66 0 8 1.182183
61 69 0 8 1.181115
27 52 0 8 1.176799
14 58 0 8 1.176190
17 43 0 8 1.176169
13 20 0 8 1.175308
56 67 0 8 1.174569
14 21 0 8 1.167241
17 64 0 8 1.165461
57 84 0 8 1.161420
63 70 0 8 1.158165
69 92 0 8 1.157892
8 32 0 8 1.157520
36 49 0 8 1.157000
41 49 0 8 1.155244
42 58 0 8 1.153262
22 33 0 8 1.149377
74 81 0 8 1.149343
7 14 0 8 1.145355
53 74 0 8 1.139396
4 14 0 8 1.137913
21 72 0 8 1.136485
1 38 0 8 1.136398
14 36 0 8 1.132835
44 54 0 8 1.130719
30 84 0 8 1.125999
38 59 0 8 1.124671
1 19 0 8 1.118731
10 66 0 8 1.115871
6 25 0 8 1.114395
43 64 0 8 1.114193
13 59 0 8 1.110965
14 33 0 8 1.110382
80 86 0 8 1.109328
49 85 0 8 1.108405
3 64 0 8 1.105869
22 27 0 8 1.103602
12 62 0 8 1.103175
28 35 0 8 1.101074
13 32 0 8 1.095753
61 82 0 8 1.091859
57 82 0 8 1.089046
25 37 0 8 1.088996
77 89 0 8 1.087970
26 39 0 8 1.087743
4 54 0 8 1.086816
4 15 0 8 1.083107
67 80 0 8 1.081645
45 55 0 8 1.080688
59 67 0 8 1.080538
11 58 0 8 1.080487
19 76 0 8 1.079526
65 77 0 8 1.079073
11 34 0 8 1.076856
24 47 0 8 1.075380
5 51 0 8 1.074512
82 90 0 8 1.073033
28 37 0 8 1.072574
2 24 0 8 1.071734
9 54 0 8 1.067792
48 77 0 8 1.066819
5 10 0 8 1.066316
39 49 0 8 1.064894
69 75 0 8 1.062082
26 68 0 8 1.060571
46 56 0 8 1.060399
46 70 0 8 1.059286
54 59 0 8 1.059255
11 72 0 8 1.058764
29 82 0 8 1.052111
45 70 0 8 1.050625
1 76 0 8 1.045308
64 83 0 8 1.043493
13 84 0 8 1.041635
19 70 0 8 1.037614
44 87 0 8 1.037568
10 27 0 8 1.034578
12 55 0 8 1.033795
19 64 0 8 1.033526
45 58 0 8 1.030031
23 41 0 8 1.029469
53 87 0 8 1.026684
60 65 0 8 1.026219
22 37 0 8 1.024811
3 25 0 8 1.022545
9 73 0 8 1.019483
18 38 0 8 1.015409
27 42 0 8 1.012977
68 84 0 8 1.012022
42 68 0 8 1.011177
7 63 0 8 1.010748
11 64 0 8 1.006276
3 73 0 8 1.005802
28 53 0 8 1.005365
65 87 0 8 1.002312
6 63 0 8 1.001832
54 79 0 8 1.000559
46 53 0 8 0.998729
19 54 0 8 0.998559
13 18 0 8 0.997486
51 70 0 8 0.996828
13 54 0 8 0.995600
20 60 0 8 0.989799
21 32 0 8 0.988712
23 28 0 8 0.986819
76 82 0 8 0.986079
46 83 0 8 0.986071
22 46 0 8 0.985809
66 79 0 8 0.984337
72 77 0 8 0.983304
9 31 0 8 0.982576
72 82 0 8 0.980388
43 58 0 8 0.980121
65 75 0 8 0.979690
7 41 0 8 0.976899
11 73 0 8 0.976230
34 40 0 8 0.976059
31 55 0 8 0.975121
40 50 0 8 0.974497
6 71 0 8 0.974352
4 63 0 8 0.971540
43 90 0 8 0.971119
74 86 0 8 0.968165
36 63 0 8 0.967811
5 64 0 8 0.963622
26 82 0 8 0.963256
10 36 0 8 0.952628
5 48 0 8 0.952360
21 43 0 8 0.952039
32 53 0 8 0.951487
25 32 0 8 0.950136
48 85 0 8 0.949102
79 85 0 8 0.946649
52 61 0 8 0.945085
32 75 0 8 0.943691
21 26 0 8 0.942784
16 84 0 8 0.938085
75 89 0 8 0.937878
14 54 0 8 0.937872
20 83 0 8 0.936531
20 43 0 8 0.936198
42 52 0 8 0.933920
16 33 0 8 0.933463
24 36 0 8 0.930377
8 38 0 8 0.930134
28 59 0 8 0.929755
32 42 0 8 0.929542
21 42 0 8 0.928912
24 43 0 8 0.928776
38 49 0 8 0.925523
18 28 0 8 0.924162
43 48 0 8 0.922634
39 64 0 8 0.922610
30 66 0 8 0.920677
39 61 0 8 0.919100
53 89 0 8 0.918264
2 30 0 8 0.918085
59 80 0 8 0.916811
22 85 0 8 0.916339
82 87 0 8 0.913803
29 86 0 8 0.913594
28 47 0 8 0.911010
76 86 0 8 0.910614
67 86 0 8 0.904932
5 21 0 8 0.902723
3 29 0 8 0.902083
12 50 0 8 0.899306
24 50 0 8 0.897623
56 76 0 8 0.895262
14 25 0 8 0.893601
28 83 0 8 0.893552
1 66 0 8 0.890741
21 86 0 8 0.889080
74 82 0 8 0.888678
6 50 0 8 0.887800
11 66 0 8 0.886965
62 70 0 8 0.886723
1 54 0 8 0.880962
34 84 0 8 0.879079
67 81 0 8 0.876377
77 86 0 8 0.874395
15 36 0 8 0.872097
27 41 0 8 0.870139
43 60 0 8 0.868972
62 83 0 8 0.867677
24 42 0 8 0.867473
28 54 0 8 0.866910
3 45 0 8 0.866311
18 41 0 8 0.854179
34 55 0 8 0.853967
40 59 0 8 0.852684
1 83 0 8 0.852350
25 85 0 8 0.851099
17 41 0 8 0.850601
7 73 0 8 0.847553
22 83 0 8 0.846545
44 52 0 8 0.845707
7 56 0 8 0.843485
43 73 0 8 0.839949
14 37 0 8 0.835686
1 46 0 8 0.834530
45 66 0 8 0.832963
76 83 0 8 0.826385
35 47 0 8 0.825384
22 50 0 8 0.819840
1 27 0 8 0.819684
41 58 0 8 0.818901
84 89 0 8 0.818517
29 38 0 8 0.818281
38 82 0 8 0.814528
8 39 0 8 0.810217
26 32 0 8 0.809385
9 42 0 8 0.809005
50 76 0 8 0.806032
4 85 0 8 0.805008
45 68 0 8 0.803490
4 74 0 8 0.802662
4 20 0 8 0.801904
45 83 0 8 0.800318
23 64 0 8 0.800201
3 53 0 8 0.799298
41 51 0 8 0.797656
37 43 0 8 0.794665
17 85 0 8 0.794334
54 81 0 8 0.794031
16 46 0 8 0.791199
3 13 0 8 0.789352
75 82 0 8 0.789015
63 69 0 8 0.785765
49 73 0 8 0.784852
18 49 0 8 0.784844
2 45 0 8 0.784661
43 52 0 8 0.784626
58 70 0 8 0.781087
5 69 0 8 0.779983
52 58 0 8 0.779545
25 58 0 8 0.779171
46 57 0 8 0.777304
8 23 0 8 0.775103
26 31 0 8 0.773826
4 73 0 8 0.773771
47 82 0 8 0.772797
10 17 0 8 0.771679
23 35 0 8 0.770015
1 30 0 8 0.768492
20 29 0 8 0.766182
19 34 0 8 0.765824
46 65 0 8 0.765788
6 70 0 8 0.764983
47 69 0 8 0.764240
16 81 0 8 0.759820
36 72 0 8 0.756326
26 45 0 8 0.756317
52 69 0 8 0.755224
16 65 0 8 0.755168
56 62 0 8 0.753809
22 55 0 8 0.749399
80 87 0 8 0.747516
56 63 0 8 0.747403
1 72 0 8 0.742858
5 70 0 8 0.739742
9 30 0 8 0.738780
3 51 0 8 0.738284
83 88 0 8 0.736320
78 89 0 8 0.736202
12 32 0 8 0.735978
57 91 0 8 0.735131
1 74 0 8 0.735052
9 29 0 8 0.729340
2 8 0 8 0.729268
21 58 0 8 0.727370
66 86 0 8 0.726753
4 67 0 8 0.725888
52 64 0 8 0.725493
39 88 0 8 0.724960
5 82 0 8 0.724051
32 39 0 8 0.723877
46 54 0 8 0.722952
48 70 0 8 0.721991
6 49 0 8 0.721670
33 55 0 8 0.720475
23 73 0 8 0.720174
26 84 0 8 0.719618
48 59 0 8 0.717847
73 79 0 8 0.717808
51 56 0 8 0.716754
4 26 0 8 0.716746
6 86 0 8 0.716569
6 73 0 8 0.714919
6 43 0 8 0.714919
20 69 0 8 0.713521
62 81 0 8 0.713484
12 81 0 8 0.712997
50 83 0 8 0.712012
27 38 0 8 0.710486
80 88 0 8 0.709775
58 73 0 8 0.708115
4 78 0 8 0.707552
14 84 0 8 0.707000
13 56 0 8 0.703609
37 62 0 8 0.700706
47 80 0 8 0.700706
20 42 0 8 0.700118
31 41 0 8 0.698472
65 85 0 8 0.696680
64 72 0 8 0.696679
8 36 0 8 0.694716
24 56 0 8 0.690866
23 31 0 8 0.690669
14 44 0 8 0.689704
7 12 0 8 0.689276
42 76 0 8 0.689185
37 61 0 8 0.688631
42 59 0 8 0.688112
11 55 0 8 0.687885
53 63 0 8 0.687005
44 90 0 8 0.685960
13 51 0 8 0.685346
40 68 0 8 0.684802
62 69 0 8 0.684735
51 64 0 8 0.683583
1 22 0 8 0.682323
14 72 0 8 0.682010
19 68 0 8 0.681895
48 80 0 8 0.681779
22 84 0 8 0.680354
4 28 0 8 0.679459
4 29 0 8 0.679374
12 46 0 8 0.679115
58 64 0 8 0.676583
9 89 0 8 0.675713
42 47 0 8 0.673181
18 57 0 8 0.672716
62 80 0 8 0.672171
29 90 0 8 0.671117
57 89 0 8 0.671048
56 70 0 8 0.670831
4 70 0 8 0.669273
18 58 0 8 0.669200
81 90 0 8 0.667337
10 44 0 8 0.666364
68 89 0 8 0.665797
11 38 0 8 0.664981
4 57 0 8 0.664849
13 52 0 8 0.663596
12 47 0 8 0.663538
12 77 0 8 0.663387
41 72 0 8 0.662892
84 91 0 8 0.660862
19 47 0 8 0.658862
11 36 0 8 0.657359
7 78 0 8 0.654998
42 79 0 8 0.653259
61 89 0 8 0.653105
18 77 0 8 0.652986
59 66 0 8 0.651186
5 75 0 8 0.647146
40 47 0 8 0.646789
43 91 0 8 0.645779
16 27 0 8 0.645260
23 45 0 8 0.644283
53 78 0 8 0.644143
28 71 0 8 0.643886
9 71 0 8 0.642407
45 73 0 8 0.639907
49 69 0 8 0.637477
2 29 0 8 0.635419
11 23 0 8 0.634225
25 39 0 8 0.631172
54 64 0 8 0.630359
33 41 0 8 0.630061
17 36 0 8 0.628535
5 26 0 8 0.627412
1 12 0 8 0.626453
40 63 0 8 0.625761
26 56 0 8 0.624980
13 82 0 8 0.624160
50 59 0 8 0.622865
43 77 0 8 0.620406
9 35 0 8 0.619920
33 56 0 8 0.619595
26 62 0 8 0.619518
36 48 0 8 0.618575
18 33 0 8 0.617374
44 57 0 8 0.616949
34 56 0 8 0.616099
53 71 0 8 0.615439
54 77 0 8 0.614334
81 91 0 8 0.614159
29 39 0 8 0.613249
28 55 0 8 0.613198
44 49 0 8 0.613071
17 24 0 8 0.612309
28 73 0 8 0.611720
30 41 0 8 0.611315
15 55 0 8 0.610693
1 6 0 8 0.610642
55 61 0 8 0.610577
28 70 0 8 0.609571
33 84 0 8 0.608691
5 71 0 8 0.606804
16 45 0 8 0.605024
4 48 0 8 0.604591
72 88 0 8 0.604502
49 55 0 8 0.604502
83 89 0 8 0.604437
40 46 0 8 0.603296
35 86 0 8 0.603292
56 77 0 8 0.602996
66 83 0 8 0.598011
23 54 0 8 0.597994
55 91 0 8 0.596234
11 89 0 8 0.595966
70 87 0 8 0.594993
26 46 0 8 0.592882
69 85 0 8 0.592644
44 91 0 8 0.592358
48 54 0 8 0.591770
27 78 0 8 0.591160
2 11 0 8 0.591116
6 48 0 8 0.589371
25 56 0 8 0.588710
29 68 0 8 0.588395
1 78 0 8 0.587896
50 84 0 8 0.584867
9 15 0 8 0.582421
5 74 0 8 0.582190
41 61 0 8 0.580113
8 14 0 8 0.579235
46 91 0 8 0.578470
13 36 0 8 0.576559
77 83 0 8 0.573448
55 72 0 8 0.572800
57 63 0 8 0.572453
24 35 0 8 0.571762
15 44 0 8 0.570965
11 60 0 8 0.570158
8 24 0 8 0.569753
2 23 0 8 0.569147
15 73 0 8 0.568184
4 55 0 8 0.566683
60 81 0 8 0.563702
24 72 0 8 0.563294
37 85 0 8 0.560067
18 35 0 8 0.559486
5 77 0 8 0.558592
39 83 0 8 0.558207
12 73 0 8 0.556445
51 74 0 8 0.556227
19 88 0 8 0.552877
18 40 0 8 0.552735
55 67 0 8 0.551938
67 74 0 8 0.551863
71 79 0 8 0.551475
29 46 0 8 0.551386
81 92 0 8 0.547613
64 88 0 8 0.546797
33 43 0 8 0.546684
18 44 0 8 0.546073
41 73 0 8 0.545895
48 58 0 8 0.543649
47 75 0 8 0.542524
58 72 0 8 0.541772
4 32 0 8 0.541648
28 87 0 8 0.541023
60 85 0 8 0.540618
61 90 0 8 0.539902
49 63 0 8 0.533954
51 73 0 8 0.532761
23 53 0 8 0.532081
44 66 0 8 0.530932
54 67 0 8 0.530193
27 63 0 8 0.529072
19 56 0 8 0.527637
10 25 0 8 0.526012
79 92 0 8 0.525402
21 51 0 8 0.523770
32 61 0 8 0.522832
14 51 0 8 0.521038
10 80 0 8 0.520481
46 86 0 8 0.518457
70 78 0 8 0.514582
22 77 0 8 0.513824
16 90 0 8 0.513700
38 74 0 8 0.513146
39 66 0 8 0.513096
17 83 0 8 0.509927
4 71 0 8 0.509756
26 66 0 8 0.508601
21 34 0 8 0.504585
26 80 0 8 0.503544
34 70 0 8 0.500467
55 84 0 8 0.499663
11 75 0 8 0.497033
37 44 0 8 0.496677
28 89 0 8 0.490534
51 57 0 8 0.490336
25 77 0 8 0.489627
48 75 0 8 0.489421
18 25 0 8 0.488957
11 21 0 8 0.487202
21 88 0 8 0.487092
45 57 0 8 0.485274
48 74 0 8 0.483626
18 93 0 8 0.479188
47 67 0 8 0.478245
7 89 0 8 0.475621
38 52 0 8 0.475423
22 36 0 8 0.473792
6 68 0 8 0.471266
15 59 0 8 0.470774
20 72 0 8 0.469613
42 71 0 8 0.468516
1 44 0 8 0.468283
11 48 0 8 0.467568
3 79 0 8 0.467250
1 8 0 8 0.466869
30 61 0 8 0.465910
21 87 0 8 0.465214
30 74 0 8 0.464541
7 16 0 8 0.461598
7 13 0 8 0.459506
16 70 0 8 0.455495
39 65 0 8 0.454306
47 72 0 8 0.454244
33 54 0 8 0.454024
6 59 0 8 0.452091
42 56 0 8 0.451477
7 84 0 8 0.450455
63 81 0 8 0.449686
2 7 0 8 0.447775
2 83 0 8 0.444487
3 19 0 8 0.444374
3 27 0 8 0.443419
65 86 0 8 0.441050
8 30 0 8 0.440469
2 71 0 8 0.440280
39 85 0 8 0.438707
35 43 0 8 0.438220
49 54 0 8 0.438154
47 89 0 8 0.437053
9 36 0 8 0.435960
6 22 0 8 0.435880
82 89 0 8 0.435627
8 20 0 8 0.433021
42 90 0 8 0.432600
42 78 0 8 0.431311
28 80 0 8 0.429311
84 93 0 8 0.428326
64 76 0 8 0.427624
54 89 0 8 0.427126
3 91 0 8 0.425977
12 69 0 8 0.423363
2 81 0 8 0.420490
49 79 0 8 0.420089
40 51 0 8 0.419523
10 74 0 8 0.419081
52 66 0 8 0.418426
19 52 0 8 0.418306
47 54 0 8 0.416881
87 92 0 8 0.416741
52 92 0 8 0.414804
64 82 0 8 0.414125
9 58 0 8 0.411800
85 90 0 8 0.411559
20 31 0 8 0.410544
77 88 0 8 0.410160
54 60 0 8 0.408526
17 29 0 8 0.407782
5 16 0 8 0.407169
63 86 0 8 0.404816
26 81 0 8 0.403486
74 89 0 8 0.401960
25 69 0 8 0.401773
41 83 0 8 0.400717
48 86 0 8 0.398741
26 87 0 8 0.397766
13 78 0 8 0.396691
60 90 0 8 0.396639
58 66 0 8 0.395323
36 79 0 8 0.394397
28 36 0 8 0.394364
68 77 0 8 0.392139
14 28 0 8 0.392081
2 67 0 8 0.390252
13 64 0 8 0.388303
20 70 0 8 0.387831
62 78 0 8 0.387573
78 90 0 8 0.387472
11 67 0 8 0.386075
64 87 0 8 0.385674
25 70 0 8 0.385139
7 64 0 8 0.385044
13 88 0 8 0.384235
55 89 0 8 0.382859
52 86 0 8 0.382757
21 90 0 8 0.380326
20 41 0 8 0.380306
17 80 0 8 0.379537
68 80 0 8 0.377861
51 69 0 8 0.376565
25 35 0 8 0.373895
4 44 0 8 0.373766
31 85 0 8 0.372629
38 66 0 8 0.372513
29 69 0 8 0.370722
14 27 0 8 0.368669
78 84 0 8 0.367649
47 88 0 8 0.365171
34 88 0 8 0.362005
12 67 0 8 0.361983
53 67 0 8 0.360526
33 91 0 8 0.359335
27 45 0 8 0.359202
28 78 0 8 0.359003
39 54 0 8 0.358972
1 25 0 8 0.357984
12 53 0 8 0.356413
3 69 0 8 0.355824
22 87 0 8 0.355360
52 67 0 8 0.354524
33 89 0 8 0.353930
17 79 0 8 0.352845
65 83 0 8 0.352609
20 91 0 8 0.352596
21 31 0 8 0.351344
65 93 0 8 0.350910
26 73 0 8 0.350250
75 90 0 8 0.348627
47 74 0 8 0.348436
31 60 0 8 0.348261
17 48 0 8 0.347485
58 82 0 8 0.347435
10 50 0 8 0.346312
53 90 0 8 0.345854
13 25 0 8 0.345239
43 86 0 8 0.344125
14 29 0 8 0.343132
4 88 0 8 0.342939
26 75 0 8 0.342452
28 52 0 8 0.340996
28 76 0 8 0.340336
2 52 0 8 0.339613
9 22 0 8 0.333697
8 57 0 8 0.333306
50 79 0 8 0.332959
59 72 0 8 0.331522
49 88 0 8 0.330830
35 85 0 8 0.326812
22 53 0 8 0.326628
4 92 0 8 0.326508
79 88 0 8 0.325038
27 59 0 8 0.323764
72 85 0 8 0.323599
39 50 0 8 0.322920
61 72 0 8 0.321988
26 55 0 8 0.321908
23 59 0 8 0.321449
17 56 0 8 0.321214
52 84 0 8 0.320385
59 89 0 8 0.319761
1 90 0 8 0.319460
55 70 0 8 0.319269
35 70 0 8 0.319177
6 17 0 8 0.318556
43 76 0 8 0.318160
1 21 0 8 0.317711
20 93 0 8 0.315390
27 60 0 8 0.311274
63 80 0 8 0.311128
51 71 0 8 0.310380
9 16 0 8 0.308116
45 62 0 8 0.307818
4 21 0 8 0.305723
20 53 0 8 0.305684
48 83 0 8 0.305473
46 92 0 8 0.305173
65 81 0 8 0.303589
75 91 0 8 0.302886
13 33 0 8 0.300439
42 87 0 8 0.298864
1 69 0 8 0.298331
16 91 0 8 0.295808
45 51 0 8 0.294647
26 52 0 8 0.294527
36 41 0 8 0.293654
16 61 0 8 0.292599
33 47 0 8 0.291256
65 90 0 8 0.291208
15 57 0 8 0.290345
2 22 0 8 0.290315
15 80 0 8 0.289411
38 65 0 8 0.287284
72 83 0 8 0.286136
81 88 0 8 0.284621
16 58 0 8 0.283725
16 80 0 8 0.283591
17 87 0 8 0.283287
24 40 0 8 0.278749
53 91 0 8 0.278118
52 81 0 8 0.277978
12 30 0 8 0.277677
20 35 0 8 0.277151
55 68 0 8 0.275767
5 28 0 8 0.275440
35 91 0 8 0.274643
33 88 0 8 0.274378
11 87 0 8 0.273318
20 66 0 8 0.273293
2 9 0 8 0.272969
53 84 0 8 0.272853
8 18 0 8 0.272267
56 73 0 8 0.269626
41 91 0 8 0.269141
27 56 0 8 0.269093
2 41 0 8 0.268696
57 70 0 8 0.267863
76 90 0 8 0.267822
21 48 0 8 0.265302
31 77 0 8 0.264968
7 31 0 8 0.263847
25 59 0 8 0.263219
15 68 0 8 0.262054
28 65 0 8 0.260446
2 48 0 8 0.257715
60 84 0 8 0.256848
4 10 0 8 0.255211
3 90 0 8 0.254685
62 72 0 8 0.254299
85 92 0 8 0.253677
68 76 0 8 0.253608
62 79 0 8 0.251685
45 84 0 8 0.250852
7 32 0 8 0.249868
2 85 0 8 0.248629
54 90 0 8 0.248010
4 18 0 8 0.247584
70 92 0 8 0.246831
14 93 0 8 0.244874
30 81 0 8 0.242387
6 89 0 8 0.241766
24 73 0 8 0.241543
59 86 0 8 0.241433
13 71 0 8 0.239837
52 72 0 8 0.238886
23 93 0 8 0.237733
27 74 0 8 0.237638
3 50 0 8 0.235980
32 43 0 8 0.235459
19 61 0 8 0.233949
24 38 0 8 0.233676
17 81 0 8 0.233533
74 85 0 8 0.232931
52 91 0 8 0.230767
1 16 0 8 0.229597
37 69 0 8 0.229189
30 73 0 8 0.228598
1 52 0 8 0.227896
22 56 0 8 0.225726
58 75 0 8 0.224129
35 90 0 8 0.223615
21 27 0 8 0.221145
1 48 0 8 0.221054
21 46 0 8 0.221009
10 77 0 8 0.220949
5 32 0 8 0.220263
16 51 0 8 0.219588
54 62 0 8 0.219052
40 45 0 8 0.218066
48 79 0 8 0.217922
3 74 0 8 0.215772
41 78 0 8 0.215516
41 88 0 8 0.214182
21 85 0 8 0.211985
49 72 0 8 0.210344
83 90 0 8 0.209634
51 87 0 8 0.207558
38 54 0 8 0.206010
6 84 0 8 0.205454
76 93 0 8 0.204979
10 70 0 8 0.204035
66 77 0 8 0.203396
7 51 0 8 0.203386
39 53 0 8 0.202472
13 55 0 8 0.201801
9 23 0 8 0.199702
69 91 0 8 0.199515
78 87 0 8 0.197765
17 25 0 8 0.196859
18 30 0 8 0.196351
33 79 0 8 0.195712
33 90 0 8 0.195623
54 74 0 8 0.193993
1 57 0 8 0.193429
83 91 0 8 0.193319
6 56 0 8 0.192857
47 59 0 8 0.190866
52 62 0 8 0.190346
21 44 0 8 0.189647
28 45 0 8 0.188971
5 85 0 8 0.185520
47 91 0 8 0.184698
8 13 0 8 0.184444
8 77 0 8 0.183974
4 59 0 8 0.183712
47 92 0 8 0.183428
15 67 0 8 0.182273
71 87 0 8 0.181976
9 60 0 8 0.181819
11 32 0 8 0.181349
60 92 0 8 0.180931
4 12 0 8 0.180718
43 66 0 8 0.179791
68 86 0 8 0.178562
63 77 0 8 0.177861
13 45 0 8 0.177242
2 91 0 8 0.176918
26 34 0 8 0.176837
40 85 0 8 0.176298
50 56 0 8 0.174937
46 93 0 8 0.174606
21 73 0 8 0.174580
2 27 0 8 0.174466
6 16 0 8 0.174039
65 84 0 8 0.173611
55 86 0 8 0.172954
5 83 0 8 0.172386
3 87 0 8 0.169965
2 12 0 8 0.169641
71 86 0 8 0.168810
22 89 0 8 0.167261
9 74 0 8 0.166530
74 80 0 8 0.166523
39 68 0 8 0.165707
47 57 0 8 0.164339
50 89 0 8 0.164237
59 78 0 8 0.160199
2 89 0 8 0.160103
37 67 0 8 0.158874
39 78 0 8 0.157963
6 72 0 8 0.156244
34 89 0 8 0.155824
8 25 0 8 0.155339
67 78 0 8 0.153395
15 24 0 8 0.152148
35 92 0 8 0.151699
9 88 0 8 0.151582
46 80 0 8 0.150731
18 71 0 8 0.150146
16 75 0 8 0.149994
42 91 0 8 0.149900
5 38 0 8 0.149399
1 82 0 8 0.149371
47 86 0 8 0.148318
58 91 0 8 0.147936
3 56 0 8 0.147762
20 65 0 8 0.147086
56 61 0 8 0.147048
46 51 0 8 0.146983
28 88 0 8 0.146547
60 93 0 8 0.146526
3 61 0 8 0.146298
45 87 0 8 0.145897
81 93 0 8 0.144286
51 77 0 8 0.142766
37 50 0 8 0.142398
9 91 0 8 0.141913
21 77 0 8 0.141122
9 21 0 8 0.140626
48 72 0 8 0.138260
7 79 0 8 0.137099
11 92 0 8 0.136843
10 67 0 8 0.136804
55 69 0 8 0.136335
55 88 0 8 0.134904
15 39 0 8 0.134199
15 21 0 8 0.134181
17 92 0 8 0.134107
11 90 0 8 0.132192
73 88 0 8 0.131890
30 91 0 8 0.131814
3 37 0 8 0.131553
25 52 0 8 0.131490
24 66 0 8 0.130474
46 78 0 8 0.130224
19 45 0 8 0.129938
12 83 0 8 0.128472
25 43 0 8 0.128298
12 88 0 8 0.127616
10 55 0 8 0.125259
4 27 0 8 0.125073
35 51 0 8 0.125069
9 26 0 8 0.124980
3 76 0 8 0.124808
83 93 0 8 0.122652
50 70 0 8 0.122328
6 93 0 8 0.121280
7 91 0 8 0.121138
3 41 0 8 0.119841
29 61 0 8 0.118950
17 55 0 8 0.117600
7 28 0 8 0.117387
20 77 0 8 0.117183
28 51 0 8 0.116727
1 92 0 8 0.116605
22 68 0 8 0.116515
29 44 0 8 0.116310
58 78 0 8 0.115832
56 81 0 8 0.114362
17 38 0 8 0.113334
40 54 0 8 0.113255
4 22 0 8 0.113039
37 90 0 8 0.111293
64 92 0 8 0.110435
14 89 0 8 0.109823
48 92 0 8 0.109451
30 90 0 8 0.108860
80 91 0 8 0.107925
10 63 0 8 0.107411
58 76 0 8 0.107338
7 65 0 8 0.106574
33 44 0 8 0.106400
17 61 0 8 0.106254
47 58 0 8 0.105476
1 49 0 8 0.105081
47 53 0 8 0.104465
18 53 0 8 0.102452
6 52 0 8 0.101263
17 66 0 8 0.101081
67 77 0 8 0.100722
7 74 0 8 0.100233
8 54 0 8 0.100084
45 91 0 8 0.099097
25 89 0 8 0.098400
82 91 0 8 0.098268
18 46 0 8 0.097103
1 7 0 8 0.097013
59 70 0 8 0.096770
9 68 0 8 0.094886
16 69 0 8 0.094361
22 76 0 8 0.093234
49 86 0 8 0.093085
70 83 0 8 0.092973
5 80 0 8 0.092116
40 73 0 8 0.092074
66 85 0 8 0.091982
1 14 0 8 0.091424
51 93 0 8 0.091068
4 89 0 8 0.089376
31 65 0 8 0.088836
80 85 0 8 0.088448
8 81 0 8 0.087386
67 85 0 8 0.086787
58 63 0 8 0.086542
44 92 0 8 0.085883
70 89 0 8 0.085675
5 58 0 8 0.085431
28 39 0 8 0.084772
52 60 0 8 0.084443
15 82 0 8 0.084411
16 48 0 8 0.084177
26 92 0 8 0.082984
33 49 0 8 0.082448
54 88 0 8 0.082064
49 90 0 8 0.081579
62 87 0 8 0.080966
8 93 0 8 0.080838
59 77 0 8 0.079692
46 85 0 8 0.078989
2 69 0 8 0.078612
11 46 0 8 0.076745
6 15 0 8 0.076029
45 93 0 8 0.074265
1 56 0 8 0.074184
6 21 0 8 0.073499
49 61 0 8 0.071089
39 46 0 8 0.070383
23 75 0 8 0.070222
12 74 0 8 0.070099
39 80 0 8 0.069043
20 26 0 8 0.068089
48 87 0 8 0.067480
11 71 0 8 0.066906
13 66 0 8 0.066053
4 13 0 8 0.065976
60 74 0 8 0.063891
23 83 0 8 0.063196
4 84 0 8 0.062082
20 84 0 8 0.061169
12 80 0 8 0.061154
67 90 0 8 0.061089
19 51 0 8 0.059125
56 90 0 8 0.059005
54 61 0 8 0.057195
9 20 0 8 0.057045
7 35 0 8 0.056857
17 32 0 8 0.056776
61 75 0 8 0.055429
76 87 0 8 0.054490
13 28 0 8 0.054461
25 92 0 8 0.054436
19 92 0 8 0.054312
61 88 0 8 0.052723
26 91 0 8 0.052272
80 90 0 8 0.051734
73 90 0 8 0.051722
29 91 0 8 0.050504
18 85 0 8 0.050468
1 62 0 8 0.049986
47 87 0 8 0.049638
68 91 0 8 0.049364
24 53 0 8 0.049332
16 49 0 8 0.048979
1 59 0 8 0.048021
82 92 0 8 0.047319
86 91 0 8 0.047286
71 88 0 8 0.046439
57 67 0 8 0.045388
33 78 0 8 0.045185
11 24 0 8 0.044662
29 34 0 8 0.044433
67 84 0 8 0.044223
8 92 0 8 0.043815
14 35 0 8 0.042966
51 76 0 8 0.042805
7 93 0 8 0.042348
11 91 0 8 0.042087
55 79 0 8 0.040690
43 71 0 8 0.040041
25 33 0 8 0.038958
28 82 0 8 0.038440
5 92 0 8 0.037950
37 47 0 8 0.036945
4 9 0 8 0.036844
41 92 0 8 0.034640
15 60 0 8 0.034469
13 75 0 8 0.033155
2 90 0 8 0.033076
58 87 0 8 0.032997
3 15 0 8 0.032872
46 88 0 8 0.032327
2 58 0 8 0.032085
14 67 0 8 0.031893
14 61 0 8 0.031567
61 87 0 8 0.029027
57 90 0 8 0.028982
24 80 0 8 0.026398
16 76 0 8 0.026304
40 93 0 8 0.024797
59 69 0 8 0.024126
10 93 0 8 0.023922
19 74 0 8 0.023324
36 67 0 8 0.022498
4 23 0 8 0.022295
76 85 0 8 0.022263
35 53 0 8 0.021385
22 51 0 8 0.021249
30 68 0 8 0.021176
32 49 0 8 0.021168
26 86 0 8 0.020901
9 27 0 8 0.020698
36 44 0 8 0.019528
1 70 0 8 0.019292
48 78 0 8 0.018930
29 83 0 8 0.018727
72 87 0 8 0.018720
27 77 0 8 0.018690
5 88 0 8 0.018045
7 27 0 8 0.017899
28 43 0 8 0.017411
44 67 0 8 0.016704
15 83 0 8 0.016249
18 56 0 8 0.015457
20 90 0 8 0.015350
1 24 0 8 0.015031
15 28 0 8 0.014901
11 80 0 8 0.014871
21 76 0 8 0.014824
64 74 0 8 0.014084
59 91 0 8 0.013931
26 49 0 8 0.012957
16 92 0 8 0.012070
27 62 0 8 0.010626
34 90 0 8 0.010612
2 76 0 8 0.010410
51 81 0 8 0.006995
61 92 0 8 0.006652
64 93 0 8 0.006148
53 86 0 8 0.006014
72 92 0 8 0.005923
30 59 0 8 0.004852
72 90 0 8 0.004525
19 63 0 8 0.004378
29 43 0 8 0.004368
28 86 0 8 0.004269
10 35 0 8 0.004259
56 91 0 8 0.002502
6 92 0 8 0.002465
63 82 0 8 0.002363
5 57 0 8 0.001773
59 83 0 8 0.001188
41 57 0 8 0.001029
8 91 0 8 0.000036
43 56 0 8 -0.000070
32 88 0 8 -0.000420
14 38 0 8 -0.000509
34 41 0 8 -0.000857
31 88 0 8 -0.001007
1 88 0 8 -0.001887
69 76 0 8 -0.003198
5 67 0 8 -0.003495
50 88 0 8 -0.004384
53 81 0 8 -0.006018
20 38 0 8 -0.006789
1 68 0 8 -0.008352
14 50 0 8 -0.009031
1 29 0 8 -0.010516
45 90 0 8 -0.011451
57 71 0 8 -0.011925
25 47 0 8 -0.012442
56 84 0 8 -0.013026
46 90 0 8 -0.013329
57 64 0 8 -0.013792
28 91 0 8 -0.014433
87 93 0 8 -0.014752
22 52 0 8 -0.014922
56 92 0 8 -0.015056
17 77 0 8 -0.015422
60 69 0 8 -0.015562
16 42 0 8 -0.016014
71 76 0 8 -0.016318
13 38 0 8 -0.016525
4 41 0 8 -0.016784
70 82 0 8 -0.016937
50 92 0 8 -0.018600
55 92 0 8 -0.018601
81 89 0 8 -0.019189
11 17 0 8 -0.020121
38 44 0 8 -0.021790
4 64 0 8 -0.022060
12 82 0 8 -0.022853
73 91 0 8 -0.022916
51 89 0 8 -0.024877
4 93 0 8 -0.025719
22 62 0 8 -0.028298
24 93 0 8 -0.028787
50 80 0 8 -0.028827
74 92 0 8 -0.028996
14 71 0 8 -0.029068
32 55 0 8 -0.029547
27 67 0 8 -0.030945
15 92 0 8 -0.031354
66 90 0 8 -0.031857
3 67 0 8 -0.032705
25 42 0 8 -0.033080
6 88 0 8 -0.033608
55 90 0 8 -0.034017
3 9 0 8 -0.034778
4 75 0 8 -0.036072
60 80 0 8 -0.036187
28 74 0 8 -0.037539
33 93 0 8 -0.039589
54 92 0 8 -0.039893
14 70 0 8 -0.041182
21 55 0 8 -0.041435
38 83 0 8 -0.041480
44 76 0 8 -0.042682
26 78 0 8 -0.044216
53 92 0 8 -0.044630
57 66 0 8 -0.044703
30 92 0 8 -0.045640
34 72 0 8 -0.046098
52 87 0 8 -0.047272
22 58 0 8 -0.049105
6 51 0 8 -0.049389
62 82 0 8 -0.049442
24 67 0 8 -0.050426
77 87 0 8 -0.051058
57 76 0 8 -0.051994
24 33 0 8 -0.055714
45 65 0 8 -0.056071
26 60 0 8 -0.058071
75 92 0 8 -0.058372
17 70 0 8 -0.058809
12 75 0 8 -0.059754
85 91 0 8 -0.060425
13 72 0 8 -0.060719
7 92 0 8 -0.061450
32 62 0 8 -0.062408
3 20 0 8 -0.062416
25 78 0 8 -0.062991
20 92 0 8 -0.063405
57 75 0 8 -0.064061
64 90 0 8 -0.064529
34 91 0 8 -0.064910
17 57 0 8 -0.066270
36 50 0 8 -0.067141
18 23 0 8 -0.067201
5 62 0 8 -0.068347
75 93 0 8 -0.068958
41 67 0 8 -0.069365
5 90 0 8 -0.070042
42 62 0 8 -0.070209
16 24 0 8 -0.070592
28 93 0 8 -0.071422
47 85 0 8 -0.072360
76 91 0 8 -0.072631
42 93 0 8 -0.073460
4 24 0 8 -0.073764
39 59 0 8 -0.073823
44 53 0 8 -0.074486
5 45 0 8 -0.074490
36 47 0 8 -0.074858
78 92 0 8 -0.076323
42 54 0 8 -0.076408
31 86 0 8 -0.076545
30 87 0 8 -0.076592
14 55 0 8 -0.077834
25 66 0 8 -0.078083
25 51 0 8 -0.078470
4 16 0 8 -0.078514
2 92 0 8 -0.080710
14 62 0 8 -0.080795
67 91 0 8 -0.083136
59 88 0 8 -0.083503
84 92 0 8 -0.085421
12 51 0 8 -0.086762
63 89 0 8 -0.087566
21 92 0 8 -0.087621
15 31 0 8 -0.088573
1 91 0 8 -0.088926
47 73 0 8 -0.089111
12 60 0 8 -0.090208
2 47 0 8 -0.090245
3 52 0 8 -0.090564
57 69 0 8 -0.091279
50 60 0 8 -0.091338
60 91 0 8 -0.092534
18 76 0 8 -0.092927
47 61 0 8 -0.093977
38 58 0 8 -0.094830
30 60 0 8 -0.096787
45 88 0 8 -0.097056
80 92 0 8 -0.097163
32 74 0 8 -0.097489
4 87 0 8 -0.097815
14 79 0 8 -0.098523
45 76 0 8 -0.098969
20 34 0 8 -0.099392
43 54 0 8 -0.099584
18 92 0 8 -0.099828
73 89 0 8 -0.100608
22 91 0 8 -0.100639
5 91 0 8 -0.102181
58 67 0 8 -0.102364
58 88 0 8 -0.102717
7 90 0 8 -0.104963
16 67 0 8 -0.105358
72 78 0 8 -0.106427
14 77 0 8 -0.106748
45 56 0 8 -0.107221
62 71 0 8 -0.107543
10 22 0 8 -0.107714
27 61 0 8 -0.107825
27 89 0 8 -0.108611
57 92 0 8 -0.109291
76 84 0 8 -0.109483
59 74 0 8 -0.109483
28 50 0 8 -0.110309
30 86 0 8 -0.111552
3 22 0 8 -0.111668
18 80 0 8 -0.111742
21 35 0 8 -0.113685
54 86 0 8 -0.114970
11 30 0 8 -0.116563
17 35 0 8 -0.116776
39 82 0 8 -0.117039
40 49 0 8 -0.118045
22 39 0 8 -0.119174
18 89 0 8 -0.119749
37 91 0 8 -0.119897
3 92 0 8 -0.119925
74 91 0 8 -0.120256
57 68 0 8 -0.120597
8 56 0 8 -0.121075
31 75 0 8 -0.123137
4 90 0 8 -0.125859
8 88 0 8 -0.125906
35 88 0 8 -0.125912
58 85 0 8 -0.126332
11 20 0 8 -0.126386
15 88 0 8 -0.127026
16 59 0 8 -0.128034
27 47 0 8 -0.128135
43 50 0 8 -0.128750
60 87 0 8 -0.130110
4 91 0 8 -0.130452
65 73 0 8 -0.130541
27 58 0 8 -0.130809
39 74 0 8 -0.130992
67 89 0 8 -0.131877
4 58 0 8 -0.132837
59 92 0 8 -0.133471
12 87 0 8 -0.134312
65 80 0 8 -0.135060
31 62 0 8 -0.135338
19 87 0 8 -0.135578
12 89 0 8 -0.137250
13 89 0 8 -0.139859
45 89 0 8 -0.140051
73 92 0 8 -0.141336
50 86 0 8 -0.141924
50 73 0 8 -0.142019
18 59 0 8 -0.142088
27 90 0 8 -0.142307
17 62 0 8 -0.142971
27 68 0 8 -0.143152
14 91 0 8 -0.143442
37 83 0 8 -0.143699
7 77 0 8 -0.144171
28 92 0 8 -0.145111
1 41 0 8 -0.145526
34 92 0 8 -0.145810
68 73 0 8 -0.146308
58 80 0 8 -0.146703
5 89 0 8 -0.147016
6 26 0 8 -0.147538
1 61 0 8 -0.147662
57 81 0 8 -0.147709
1 81 0 8 -0.148192
14 46 0 8 -0.148578
2 59 0 8 -0.148587
38 43 0 8 -0.148920
14 83 0 8 -0.149979
1 79 0 8 -0.151781
1 58 0 8 -0.153987
11 65 0 8 -0.154024
3 78 0 8 -0.154235
3 58 0 8 -0.155060
41 52 0 8 -0.155192
42 89 0 8 -0.155283
9 38 0 8 -0.155668
6 83 0 8 -0.155732
51 61 0 8 -0.156609
8 15 0 8 -0.157058
4 66 0 8 -0.159628
12 28 0 8 -0.161824
18 91 0 8 -0.162307
73 87 0 8 -0.163045
50 81 0 8 -0.163245
32 46 0 8 -0.164199
27 73 0 8 -0.164447
52 75 0 8 -0.164682
57 77 0 8 -0.165929
12 22 0 8 -0.167233
20 80 0 8 -0.167407
21 29 0 8 -0.167842
3 49 0 8 -0.168345
79 91 0 8 -0.168910
2 56 0 8 -0.169342
25 83 0 8 -0.170167
16 54 0 8 -0.171366
23 88 0 8 -0.171421
5 13 0 8 -0.172157
76 88 0 8 -0.172546
7 47 0 8 -0.173943
47 76 0 8 -0.175024
38 45 0 8 -0.175197
3 43 0 8 -0.175209
53 58 0 8 -0.175813
11 62 0 8 -0.175961
5 65 0 8 -0.176386
55 65 0 8 -0.176490
78 91 0 8 -0.176876
23 51 0 8 -0.178116
57 87 0 8 -0.178384
10 37 0 8 -0.178576
1 51 0 8 -0.180821
27 80 0 8 -0.181751
6 29 0 8 -0.181771
32 89 0 8 -0.185156
15 87 0 8 -0.185196
5 43 0 8 -0.185219
71 91 0 8 -0.185950
53 65 0 8 -0.187355
1 55 0 8 -0.188350
43 74 0 8 -0.190278
23 89 0 8 -0.190464
17 31 0 8 -0.190800
71 89 0 8 -0.190885
43 59 0 8 -0.191573
49 91 0 8 -0.191932
47 64 0 8 -0.192343
76 89 0 8 -0.192473
15 46 0 8 -0.193978
13 50 0 8 -0.194077
15 70 0 8 -0.194592
9 14 0 8 -0.197313
27 48 0 8 -0.197732
70 88 0 8 -0.198206
43 78 0 8 -0.198873
8 84 0 8 -0.198912
67 83 0 8 -0.199028
51 80 0 8 -0.199859
66 89 0 8 -0.200596
13 77 0 8 -0.200957
1 13 0 8 -0.201631
38 81 0 8 -0.201757
7 88 0 8 -0.201904
56 72 0 8 -0.202197
20 54 0 8 -0.203282
11 63 0 8 -0.204338
27 64 0 8 -0.206422
9 83 0 8 -0.207229
64 89 0 8 -0.209202
9 66 0 8 -0.209744
26 40 0 8 -0.210129
2 86 0 8 -0.210260
48 73 0 8 -0.211150
20 89 0 8 -0.211465
74 90 0 8 -0.211946
6 76 0 8 -0.211996
29 89 0 8 -0.212068
6 87 0 8 -0.212318
37 89 0 8 -0.212461
74 84 0 8 -0.212787
11 22 0 8 -0.212921
2 51 0 8 -0.214263
58 84 0 8 -0.216106
47 62 0 8 -0.216840
7 45 0 8 -0.217638
1 11 0 8 -0.217993
55 83 0 8 -0.218161
52 89 0 8 -0.218510
37 59 0 8 -0.219262
17 33 0 8 -0.219303
48 91 0 8 -0.219578
24 59 0 8 -0.220185
24 87 0 8 -0.220451
15 85 0 8 -0.220943
20 58 0 8 -0.222036
32 73 0 8 -0.223369
11 51 0 8 -0.223781
19 35 0 8 -0.224262
18 86 0 8 -0.225157
72 84 0 8 -0.225391
54 91 0 8 -0.225941
3 82 0 8 -0.226932
1 89 0 8 -0.227623
34 83 0 8 -0.228730
3 86 0 8 -0.228918
49 70 0 8 -0.228928
19 72 0 8 -0.229798
16 63 0 8 -0.229830
28 90 0 8 -0.230656
18 45 0 8 -0.230705
52 90 0 8 -0.231633
20 61 0 8 -0.231987
10 91 0 8 -0.232000
25 90 0 8 -0.233596
50 87 0 8 -0.234018
2 65 0 8 -0.234384
47 90 0 8 -0.234833
48 88 0 8 -0.235130
5 31 0 8 -0.235600
45 86 0 8 -0.236016
26 89 0 8 -0.238768
70 91 0 8 -0.238888
77 91 0 8 -0.240032
9 84 0 8 -0.240497
36 43 0 8 -0.241416
21 91 0 8 -0.245028
39 87 0 8 -0.245432
57 88 0 8 -0.245873
3 28 0 8 -0.246285
36 52 0 8 -0.248137
69 84 0 8 -0.248160
63 87 0 8 -0.248646
5 15 0 8 -0.248670
12 45 0 8 -0.250330
13 60 0 8 -0.250993
2 14 0 8 -0.251960
15 89 0 8 -0.253033
19 78 0 8 -0.253255
1 87 0 8 -0.254673
47 65 0 8 -0.256101
4 77 0 8 -0.256889
34 86 0 8 -0.257332
55 66 0 8 -0.258017
1 15 0 8 -0.260890
15 91 0 8 -0.262013
25 91 0 8 -0.264910
77 90 0 8 -0.267536
71 78 0 8 -0.267794
61 70 0 8 -0.268321
1 28 0 8 -0.268745
18 74 0 8 -0.269369
18 88 0 8 -0.269579
36 62 0 8 -0.269989
32 45 0 8 -0.270153
19 91 0 8 -0.272102
59 76 0 8 -0.272481
10 86 0 8 -0.273611
61 91 0 8 -0.275374
50 62 0 8 -0.275609
3 89 0 8 -0.275914
34 58 0 8 -0.276507
33 64 0 8 -0.276616
40 91 0 8 -0.277342
28 49 0 8 -0.279157
12 43 0 8 -0.279312
19 41 0 8 -0.279497
6 75 0 8 -0.280351
10 87 0 8 -0.280807
23 46 0 8 -0.281020
23 91 0 8 -0.281169
32 91 0 8 -0.281987
62 76 0 8 -0.282459
44 71 0 8 -0.282724
27 84 0 8 -0.284589
8 35 0 8 -0.285780
41 62 0 8 -0.288002
77 85 0 8 -0.288238
5 54 0 8 -0.288825
26 59 0 8 -0.288992
25 73 0 8 -0.289530
27 36 0 8 -0.290993
40 74 0 8 -0.291275
6 91 0 8 -0.291517
14 31 0 8 -0.291674
40 88 0 8 -0.292350
30 57 0 8 -0.292475
1 63 0 8 -0.294117
39 62 0 8 -0.294368
50 66 0 8 -0.294630
3 8 0 8 -0.294802
12 57 0 8 -0.294952
2 16 0 8 -0.294957
14 53 0 8 -0.295310
9 78 0 8 -0.296844
1 39 0 8 -0.297947
28 41 0 8 -0.298356
51 83 0 8 -0.300091
7 15 0 8 -0.300934
41 68 0 8 -0.300960
14 87 0 8 -0.301399
6 19 0 8 -0.302814
59 71 0 8 -0.302890
70 85 0 8 -0.303755
44 86 0 8 -0.303836
26 90 0 8 -0.306530
14 90 0 8 -0.307150
3 32 0 8 -0.307451
11 74 0 8 -0.307596
13 74 0 8 -0.307915
46 69 0 8 -0.308610
47 84 0 8 -0.308892
43 88 0 8 -0.309225
7 66 0 8 -0.309542
53 76 0 8 -0.310195
41 59 0 8 -0.311008
2 88 0 8 -0.311521
30 42 0 8 -0.312526
70 80 0 8 -0.313383
1 45 0 8 -0.313958
22 90 0 8 -0.313986
5 17 0 8 -0.314224
24 31 0 8 -0.315348
50 85 0 8 -0.316313
39 60 0 8 -0.317390
16 53 0 8 -0.317633
74 88 0 8 -0.318783
4 56 0 8 -0.319680
30 54 0 8 -0.320227
52 85 0 8 -0.320291
13 73 0 8 -0.320539
17 23 0 8 -0.321854
10 29 0 8 -0.322416
32 90 0 8 -0.323231
53 88 0 8 -0.323364
47 78 0 8 -0.323918
52 73 0 8 -0.325747
19 30 0 8 -0.326598
8 21 0 8 -0.326853
1 33 0 8 -0.326880
56 78 0 8 -0.327490
22 57 0 8 -0.327754
65 88 0 8 -0.327978
2 42 0 8 -0.328230
33 83 0 8 -0.330923
64 73 0 8 -0.331002
8 87 0 8 -0.331135
22 34 0 8 -0.331165
6 27 0 8 -0.331687
50 72 0 8 -0.331873
17 90 0 8 -0.331916
8 83 0 8 -0.332151
18 87 0 8 -0.333629
16 82 0 8 -0.334283
6 74 0 8 -0.334668
3 70 0 8 -0.334715
35 59 0 8 -0.336504
66 91 0 8 -0.336940
73 86 0 8 -0.337152
7 80 0 8 -0.337995
32 65 0 8 -0.338054
79 90 0 8 -0.338234
33 86 0 8 -0.339152
44 74 0 8 -0.340570
33 46 0 8 -0.342919
31 90 0 8 -0.343242
17 65 0 8 -0.343372
66 76 0 8 -0.343546
2 74 0 8 -0.343670
16 34 0 8 -0.344026
5 55 0 8 -0.345324
17 52 0 8 -0.345641
39 55 0 8 -0.346094
18 50 0 8 -0.346438
59 84 0 8 -0.346838
10 56 0 8 -0.348482
29 71 0 8 -0.348833
75 85 0 8 -0.350212
30 77 0 8 -0.350674
38 71 0 8 -0.351833
48 90 0 8 -0.352451
46 61 0 8 -0.353666
63 91 0 8 -0.353824
51 90 0 8 -0.354354
47 77 0 8 -0.355085
9 64 0 8 -0.355907
29 56 0 8 -0.356212
42 86 0 8 -0.356596
40 69 0 8 -0.356659
37 84 0 8 -0.357280
9 87 0 8 -0.358266
12 68 0 8 -0.358705
41 89 0 8 -0.358906
13 90 0 8 -0.359354
9 90 0 8 -0.359734
52 77 0 8 -0.360026
28 48 0 8 -0.360374
40 86 0 8 -0.360932
70 90 0 8 -0.362370
19 49 0 8 -0.362412
24 69 0 8 -0.362461
36 87 0 8 -0.363546
10 89 0 8 -0.364906
9 80 0 8 -0.365435
6 53 0 8 -0.365697
68 88 0 8 -0.367193
7 67 0 8 -0.368815
63 88 0 8 -0.368895
43 70 0 8 -0.368914
23 70 0 8 -0.370106
27 54 0 8 -0.370192
1 36 0 8 -0.370389
80 89 0 8 -0.370840
59 90 0 8 -0.371807
23 71 0 8 -0.372723
62 88 0 8 -0.373234
71 90 0 8 -0.373863
34 48 0 8 -0.375229
42 88 0 8 -0.376917
35 89 0 8 -0.378169
59 65 0 8 -0.378712
9 86 0 8 -0.381143
81 87 0 8 -0.381736
12 61 0 8 -0.383035
69 90 0 8 -0.383192
1 31 0 8 -0.383244
56 87 0 8 -0.383415
14 52 0 8 -0.383673
22 81 0 8 -0.383835
1 85 0 8 -0.384878
16 85 0 8 -0.385033
25 38 0 8 -0.385720
41 53 0 8 -0.385955
58 81 0 8 -0.386777
69 89 0 8 -0.386885
5 46 0 8 -0.387379
35 64 0 8 -0.388962
2 26 0 8 -0.389902
25 44 0 8 -0.390791
26 42 0 8 -0.390987
51 85 0 8 -0.391235
15 30 0 8 -0.391246
44 89 0 8 -0.391585
15 75 0 8 -0.392521
55 82 0 8 -0.392880
73 85 0 8 -0.393486
60 88 0 8 -0.394145
2 55 0 8 -0.394284
39 51 0 8 -0.395351
19 24 0 8 -0.398033
43 87 0 8 -0.398675
53 59 0 8 -0.399598
38 89 0 8 -0.400214
49 83 0 8 -0.400439
1 64 0 8 -0.400803
14 22 0 8 -0.400874
64 81 0 8 -0.401468
7 49 0 8 -0.403036
42 84 0 8 -0.403382
56 82 0 8 -0.404732
39 89 0 8 -0.404937
1 18 0 8 -0.404970
61 78 0 8 -0.405016
39 63 0 8 -0.405617
60 70 0 8 -0.405863
17 88 0 8 -0.406319
13 85 0 8 -0.406569
51 86 0 8 -0.407470
14 26 0 8 -0.408133
8 86 0 8 -0.408382
12 44 0 8 -0.408764
29 88 0 8 -0.408862
34 51 0 8 -0.409703
16 44 0 8 -0.411946
28 34 0 8 -0.412356
66 81 0 8 -0.412387
44 88 0 8 -0.412562
9 63 0 8 -0.412911
49 75 0 8 -0.413861
10 26 0 8 -0.414386
16 30 0 8 -0.416071
50 90 0 8 -0.416986
18 90 0 8 -0.417119
13 49 0 8 -0.419443
34 65 0 8 -0.419986
48 89 0 8 -0.420190
34 61 0 8 -0.420612
33 62 0 8 -0.423788
19 90 0 8 -0.424685
56 69 0 8 -0.425300
4 69 0 8 -0.425812
54 73 0 8 -0.426289
8 22 0 8 -0.426330
11 56 0 8 -0.426611
75 88 0 8 -0.426770
25 84 0 8 -0.427310
4 42 0 8 -0.428055
46 59 0 8 -0.428273
36 58 0 8 -0.428851
18 79 0 8 -0.429596
3 88 0 8 -0.430501
62 74 0 8 -0.431283
8 59 0 8 -0.431575
53 82 0 8 -0.431851
67 79 0 8 -0.431975
31 89 0 8 -0.432167
23 72 0 8 -0.432292
27 88 0 8 -0.432379
11 45 0 8 -0.433355
17 76 0 8 -0.433396
51 63 0 8 -0.436086
17 22 0 8 -0.436151
5 42 0 8 -0.437217
35 78 0 8 -0.438071
41 76 0 8 -0.439501
59 68 0 8 -0.440101
40 90 0 8 -0.440119
64 79 0 8 -0.440654
36 71 0 8 -0.440997
22 28 0 8 -0.443121
20 27 0 8 -0.443278
22 30 0 8 -0.444809
11 59 0 8 -0.445154
13 22 0 8 -0.445709
21 52 0 8 -0.446392
36 80 0 8 -0.447611
67 87 0 8 -0.448325
8 66 0 8 -0.449739
16 26 0 8 -0.449776
45 71 0 8 -0.450440
5 87 0 8 -0.452408
78 85 0 8 -0.452681
36 88 0 8 -0.452990
24 58 0 8 -0.454538
10 19 0 8 -0.454731
13 23 0 8 -0.456321
1 23 0 8 -0.456469
30 89 0 8 -0.456850
55 78 0 8 -0.457369
17 46 0 8 -0.457696
3 14 0 8 -0.458911
31 44 0 8 -0.459254
60 72 0 8 -0.459606
38 88 0 8 -0.460359
19 83 0 8 -0.460757
30 83 0 8 -0.461556
31 51 0 8 -0.462414
50 55 0 8 -0.462658
15 61 0 8 -0.463142
19 60 0 8 -0.464438
42 70 0 8 -0.464848
11 88 0 8 -0.464904
20 52 0 8 -0.466100
27 66 0 8 -0.466382
8 62 0 8 -0.468439
58 89 0 8 -0.469475
82 88 0 8 -0.472350
1 17 0 8 -0.475009
8 74 0 8 -0.475287
57 83 0 8 -0.475321
27 86 0 8 -0.477192
1 53 0 8 -0.477228
46 71 0 8 -0.477294
49 71 0 8 -0.479093
7 18 0 8 -0.480092
1 86 0 8 -0.482154
52 59 0 8 -0.482691
6 82 0 8 -0.484025
2 73 0 8 -0.485059
64 75 0 8 -0.487697
79 89 0 8 -0.488625
24 74 0 8 -0.489013
5 68 0 8 -0.489919
56 80 0 8 -0.490474
3 38 0 8 -0.491209
11 25 0 8 -0.492048
29 80 0 8 -0.492071
9 69 0 8 -0.493213
43 61 0 8 -0.494789
16 89 0 8 -0.494922
35 50 0 8 -0.496063
26 71 0 8 -0.497292
45 69 0 8 -0.497402
63 90 0 8 -0.497678
20 47 0 8 -0.497935
38 78 0 8 -0.497959
34 74 0 8 -0.498696
13 34 0 8 -0.498794
30 39 0 8 -0.498836
45 54 0 8 -0.499490
22 69 0 8 -0.499691
9 40 0 8 -0.499792
1 77 0 8 -0.502845
12 84 0 8 -0.503612
41 85 0 8 -0.504077
3 80 0 8 -0.504612
72 89 0 8 -0.505006
27 57 0 8 -0.507949
8 85 0 8 -0.508032
17 89 0 8 -0.508119
1 10 0 8 -0.508271
20 85 0 8 -0.508368
5 35 0 8 -0.508519
14 85 0 8 -0.508890
44 65 0 8 -0.510630
20 33 0 8 -0.510904
51 88 0 8 -0.512345
1 9 0 8 -0.512619
67 88 0 8 -0.513147
5 86 0 8 -0.513431
11 49 0 8 -0.513627
43 80 0 8 -0.514073
15 69 0 8 -0.514418
38 70 0 8 -0.514851
23 50 0 8 -0.515138
67 76 0 8 -0.516185
44 79 0 8 -0.516582
24 90 0 8 -0.516789
51 75 0 8 -0.517699
30 88 0 8 -0.517964
32 59 0 8 -0.518179
19 81 0 8 -0.519362
68 90 0 8 -0.520307
22 82 0 8 -0.521621
78 88 0 8 -0.523196
43 84 0 8 -0.523720
45 82 0 8 -0.524018
32 63 0 8 -0.524476
51 67 0 8 -0.524571
41 55 0 8 -0.524774
28 66 0 8 -0.525447
53 79 0 8 -0.525571
11 77 0 8 -0.525830
67 82 0 8 -0.528828
36 70 0 8 -0.530023
23 90 0 8 -0.531253
18 83 0 8 -0.531381
60 77 0 8 -0.532094
33 39 0 8 -0.532423
46 75 0 8 -0.532895
29 65 0 8 -0.533317
59 85 0 8 -0.533817
22 38 0 8 -0.534750
6 67 0 8 -0.537783
9 85 0 8 -0.538175
28 38 0 8 -0.539053
21 64 0 8 -0.539304
60 89 0 8 -0.540183
73 84 0 8 -0.540388
14 34 0 8 -0.541900
16 52 0 8 -0.542172
50 57 0 8 -0.542323
7 86 0 8 -0.542790
26 77 0 8 -0.543502
7 53 0 8 -0.543649
30 70 0 8 -0.544224
1 42 0 8 -0.545183
20 88 0 8 -0.545427
33 40 0 8 -0.546237
54 85 0 8 -0.547564
19 84 0 8 -0.547578
24 89 0 8 -0.547838
3 17 0 8 -0.549816
6 11 0 8 -0.550047
53 69 0 8 -0.551082
30 76 0 8 -0.551890
1 67 0 8 -0.552339
27 69 0 8 -0.552843
27 87 0 8 -0.553456
9 47 0 8 -0.554574
25 30 0 8 -0.557091
57 79 0 8 -0.559032
44 85 0 8 -0.559500
46 66 0 8 -0.559712
55 85 0 8 -0.560494
47 83 0 8 -0.561567
14 30 0 8 -0.561616
31 47 0 8 -0.561881
23 74 0 8 -0.561915
13 37 0 8 -0.562602
14 43 0 8 -0.562777
22 54 0 8 -0.563078
8 71 0 8 -0.563267
37 71 0 8 -0.563602
40 77 0 8 -0.564081
58 79 0 8 -0.564723
27 65 0 8 -0.564953
56 89 0 8 -0.565187
20 81 0 8 -0.566004
34 53 0 8 -0.567549
20 74 0 8 -0.568198
22 59 0 8 -0.569104
2 87 0 8 -0.570496
21 89 0 8 -0.570722
29 57 0 8 -0.571110
43 89 0 8 -0.571730
52 76 0 8 -0.572271
50 61 0 8 -0.573568
49 89 0 8 -0.573627
35 84 0 8 -0.574587
14 39 0 8 -0.574611
45 80 0 8 -0.574810
42 66 0 8 -0.575024
9 57 0 8 -0.575185
32 68 0 8 -0.575243
52 88 0 8 -0.575402
6 54 0 8 -0.576362
10 62 0 8 -0.576658
22 88 0 8 -0.576984
18 29 0 8 -0.577409
19 31 0 8 -0.577606
36 45 0 8 -0.577774
4 50 0 8 -0.577862
41 60 0 8 -0.578867
38 57 0 8 -0.579604
25 34 0 8 -0.581342
37 65 0 8 -0.581821
7 22 0 8 -0.582903
39 71 0 8 -0.583291
8 79 0 8 -0.583432
48 67 0 8 -0.584170
56 88 0 8 -0.585154
1 80 0 8 -0.585211
9 43 0 8 -0.586912
15 81 0 8 -0.587955
36 55 0 8 -0.588692
16 56 0 8 -0.588795
42 49 0 8 -0.589199
10 31 0 8 -0.589358
35 87 0 8 -0.589360
33 85 0 8 -0.589666
3 30 0 8 -0.590421
7 85 0 8 -0.590732
36 53 0 8 -0.590878
32 72 0 8 -0.591014
50 82 0 8 -0.591153
58 74 0 8 -0.591509
13 30 0 8 -0.593401
66 75 0 8 -0.593473
42 81 0 8 -0.595293
59 87 0 8 -0.595385
8 40 0 8 -0.597098
45 61 0 8 -0.597193
26 41 0 8 -0.599656
2 72 0 8 -0.599973
1 84 0 8 -0.600747
33 59 0 8 -0.603346
52 83 0 8 -0.603578
5 60 0 8 -0.604551
37 86 0 8 -0.604704
15 62 0 8 -0.604854
10 54 0 8 -0.604922
35 46 0 8 -0.604965
44 56 0 8 -0.606647
40 89 0 8 -0.606982
7 60 0 8 -0.606996
26 79 0 8 -0.607170
9 28 0 8 -0.607360
14 42 0 8 -0.607602
42 67 0 8 -0.608267
10 38 0 8 -0.608613
31 49 0 8 -0.609355
33 58 0 8 -0.610362
71 82 0 8 -0.610414
41 90 0 8 -0.611450
18 43 0 8 -0.612010
7 25 0 8 -0.612164
20 76 0 8 -0.612295
18 75 0 8 -0.612368
66 78 0 8 -0.614767
36 89 0 8 -0.614796
16 88 0 8 -0.615033
5 50 0 8 -0.615787
27 85 0 8 -0.618342
31 50 0 8 -0.619280
33 87 0 8 -0.620927
4 86 0 8 -0.621847
3 75 0 8 -0.623315
33 82 0 8 -0.623844
57 85 0 8 -0.624027
48 61 0 8 -0.624941
6 14 0 8 -0.625665
39 58 0 8 -0.625949
8 48 0 8 -0.626097
62 85 0 8 -0.627508
24 63 0 8 -0.628322
3 85 0 8 -0.628775
26 57 0 8 -0.628827
7 87 0 8 -0.630090
2 36 0 8 -0.631508
13 80 0 8 -0.631586
17 50 0 8 -0.632092
31 84 0 8 -0.632329
14 49 0 8 -0.633244
37 88 0 8 -0.633518
66 88 0 8 -0.634319
15 64 0 8 -0.635505
19 69 0 8 -0.636389
2 80 0 8 -0.638873
42 85 0 8 -0.639644
19 77 0 8 -0.640029
45 74 0 8 -0.641025
59 81 0 8 -0.641136
31 71 0 8 -0.641849
13 35 0 8 -0.644599
7 37 0 8 -0.645705
25 88 0 8 -0.647693
1 40 0 8 -0.648803
4 83 0 8 -0.650446
4 31 0 8 -0.651811
56 64 0 8 -0.651821
29 62 0 8 -0.652993
63 72 0 8 -0.653892
5 12 0 8 -0.654895
24 55 0 8 -0.655815
49 80 0 8 -0.656072
29 76 0 8 -0.656478
10 73 0 8 -0.656716
49 77 0 8 -0.656874
24 88 0 8 -0.657013
41 86 0 8 -0.657347
17 47 0 8 -0.657408
13 76 0 8 -0.658594
31 83 0 8 -0.659576
8 82 0 8 -0.660969
37 66 0 8 -0.661899
69 86 0 8 -0.662793
22 71 0 8 -0.664298
20 44 0 8 -0.664513
12 33 0 8 -0.664715
29 85 0 8 -0.664804
55 80 0 8 -0.665312
49 87 0 8 -0.665432
35 72 0 8 -0.666486
33 71 0 8 -0.667183
10 88 0 8 -0.667939
8 19 0 8 -0.668286
5 11 0 8 -0.670522
51 59 0 8 -0.670707
12 17 0 8 -0.672181
66 73 0 8 -0.673366
22 80 0 8 -0.673519
65 89 0 8 -0.674990
8 69 0 8 -0.675682
58 86 0 8 -0.675810
71 84 0 8 -0.676077
30 85 0 8 -0.678235
24 78 0 8 -0.680083
19 86 0 8 -0.680784
8 51 0 8 -0.680917
28 62 0 8 -0.681723
17 26 0 8 -0.682004
35 73 0 8 -0.682236
19 89 0 8 -0.683621
33 53 0 8 -0.686394
60 83 0 8 -0.687038
40 79 0 8 -0.688502
25 75 0 8 -0.688691
5 23 0 8 -0.688922
16 68 0 8 -0.691322
2 79 0 8 -0.693268
1 37 0 8 -0.693646
28 68 0 8 -0.693741
21 83 0 8 -0.694051
58 65 0 8 -0.695110
13 40 0 8 -0.695995
1 60 0 8 -0.696271
1 43 0 8 -0.696594
3 84 0 8 -0.697253
23 65 0 8 -0.698168
16 79 0 8 -0.699303
8 44 0 8 -0.699628
53 75 0 8 -0.702648
8 80 0 8 -0.702727
38 60 0 8 -0.702783
38 72 0 8 -0.704137
23 42 0 8 -0.704651
35 57 0 8 -0.705789
8 42 0 8 -0.707115
27 81 0 8 -0.709002
8 63 0 8 -0.711264
65 72 0 8 -0.711972
7 17 0 8 -0.712565
57 80 0 8 -0.713108
8 29 0 8 -0.713791
56 86 0 8 -0.713910
70 86 0 8 -0.714897
34 62 0 8 -0.715948
16 71 0 8 -0.716125
31 58 0 8 -0.716350
30 78 0 8 -0.717402
8 16 0 8 -0.717896
17 45 0 8 -0.718762
16 47 0 8 -0.718833
13 83 0 8 -0.719192
10 43 0 8 -0.721480
11 44 0 8 -0.722889
25 81 0 8 -0.723756
3 77 0 8 -0.724309
12 85 0 8 -0.724684
3 46 0 8 -0.724914
20 86 0 8 -0.724948
24 62 0 8 -0.725257
44 80 0 8 -0.726387
28 81 0 8 -0.727644
27 49 0 8 -0.728505
25 87 0 8 -0.729171
8 64 0 8 -0.729720
23 33 0 8 -0.731401
10 18 0 8 -0.731495
21 41 0 8 -0.731916
2 15 0 8 -0.732200
12 42 0 8 -0.732652
27 76 0 8 -0.732722
6 35 0 8 -0.732758
74 83 0 8 -0.733947
15 20 0 8 -0.734816
38 47 0 8 -0.735145
8 76 0 8 -0.735308
24 81 0 8 -0.735320
4 81 0 8 -0.736598
56 83 0 8 -0.737907
11 39 0 8 -0.739877
34 54 0 8 -0.743959
59 79 0 8 -0.744233
13 87 0 8 -0.744427
56 68 0 8 -0.744529
7 46 0 8 -0.744766
7 50 0 8 -0.744838
6 42 0 8 -0.744901
31 87 0 8 -0.748381
11 27 0 8 -0.748668
7 82 0 8 -0.749324
26 69 0 8 -0.749526
70 76 0 8 -0.749709
55 74 0 8 -0.751997
26 83 0 8 -0.752926
14 48 0 8 -0.754020
17 86 0 8 -0.755184
22 79 0 8 -0.755214
24 46 0 8 -0.756924
26 67 0 8 -0.760372
45 79 0 8 -0.763168
8 68 0 8 -0.763238
13 44 0 8 -0.763438
5 52 0 8 -0.763546
9 59 0 8 -0.764588
42 80 0 8 -0.769163
25 64 0 8 -0.769402
1 35 0 8 -0.769767
2 54 0 8 -0.770273
14 86 0 8 -0.770333
9 55 0 8 -0.771853
31 57 0 8 -0.773131
48 66 0 8 -0.774473
64 85 0 8 -0.775263
11 57 0 8 -0.775394
8 26 0 8 -0.775423
8 61 0 8 -0.775881
26 48 0 8 -0.778706
8 55 0 8 -0.779329
27 82 0 8 -0.780044
32 66 0 8 -0.780075
8 67 0 8 -0.780295
11 26 0 8 -0.780572
15 58 0 8 -0.782284
63 71 0 8 -0.782353
14 73 0 8 -0.782961
74 87 0 8 -0.783583
1 26 0 8 -0.784845
18 82 0 8 -0.784919
55 73 0 8 -0.785470
13 47 0 8 -0.787643
32 86 0 8 -0.789853
8 58 0 8 -0.790974
18 37 0 8 -0.791443
50 63 0 8 -0.791801
24 75 0 8 -0.792210
30 43 0 8 -0.792226
49 82 0 8 -0.792339
38 80 0 8 -0.792737
60 86 0 8 -0.793308
50 74 0 8 -0.794369
37 63 0 8 -0.795137
17 84 0 8 -0.796255
68 87 0 8 -0.796481
5 27 0 8 -0.797397
34 78 0 8 -0.797579
25 86 0 8 -0.797640
32 71 0 8 -0.798113
5 79 0 8 -0.800991
32 60 0 8 -0.802393
56 71 0 8 -0.803706
31 63 0 8 -0.804699
56 85 0 8 -0.805345
43 83 0 8 -0.805494
31 81 0 8 -0.807364
7 71 0 8 -0.807744
40 82 0 8 -0.808764
18 81 0 8 -0.810469
33 50 0 8 -0.813945
12 56 0 8 -0.814209
22 66 0 8 -0.815355
8 47 0 8 -0.815593
26 70 0 8 -0.815820
10 76 0 8 -0.816184
21 28 0 8 -0.818634
44 62 0 8 -0.820152
8 53 0 8 -0.820793
10 42 0 8 -0.821584
38 55 0 8 -0.823523
4 68 0 8 -0.825037
1 34 0 8 -0.826327
35 83 0 8 -0.827396
46 87 0 8 -0.827446
8 41 0 8 -0.827783
31 48 0 8 -0.827870
6 55 0 8 -0.828936
59 73 0 8 -0.829840
34 77 0 8 -0.830036
11 54 0 8 -0.830802
21 69 0 8 -0.831467
29 63 0 8 -0.831677
54 87 0 8 -0.834456
44 55 0 8 -0.834950
51 66 0 8 -0.835436
60 82 0 8 -0.836668
27 32 0 8 -0.836685
63 76 0 8 -0.837782
53 85 0 8 -0.837988
26 54 0 8 -0.838549
33 75 0 8 -0.838697
6 12 0 8 -0.839188
62 73 0 8 -0.840936
59 82 0 8 -0.841236
61 73 0 8 -0.841545
26 74 0 8 -0.841596
61 83 0 8 -0.842000
8 52 0 8 -0.842377
51 58 0 8 -0.842507
3 10 0 8 -0.843041
50 69 0 8 -0.843559
23 57 0 8 -0.844480
4 45 0 8 -0.844586
8 75 0 8 -0.846293
16 35 0 8 -0.847592
4 39 0 8 -0.848286
23 76 0 8 -0.848500
18 36 0 8 -0.850846
54 66 0 8 -0.852907
6 45 0 8 -0.853647
38 86 0 8 -0.854741
3 34 0 8 -0.854883
10 34 0 8 -0.854929
44 72 0 8 -0.855244
6 66 0 8 -0.855543
34 39 0 8 -0.856930
34 87 0 8 -0.858307
8 73 0 8 -0.858931
48 84 0 8 -0.859344
36 83 0 8 -0.859354
15 79 0 8 -0.859483
4 19 0 8 -0.860164
70 75 0 8 -0.861401
7 76 0 8 -0.862429
25 31 0 8 -0.862782
48 68 0 8 -0.862836
27 44 0 8 -0.863413
39 48 0 8 -0.864091
19 67 0 8 -0.864464
17 73 0 8 -0.865031
8 72 0 8 -0.866275
18 60 0 8 -0.866847
22 60 0 8 -0.867319
30 58 0 8 -0.867570
26 61 0 8 -0.867610
11 85 0 8 -0.868128
32 76 0 8 -0.869862
61 67 0 8 -0.870880
6 38 0 8 -0.872771
49 65 0 8 -0.874123
41 77 0 8 -0.874324
45 64 0 8 -0.874491
49 68 0 8 -0.879656
19 80 0 8 -0.882093
23 62 0 8 -0.882379
12 54 0 8 -0.883222
37 58 0 8 -0.883757
31 67 0 8 -0.884558
40 53 0 8 -0.886297
16 72 0 8 -0.886875
44 82 0 8 -0.887066
4 47 0 8 -0.887113
33 65 0 8 -0.887171
55 87 0 8 -0.890340
34 57 0 8 -0.890964
10 85 0 8 -0.891329
6 81 0 8 -0.891793
25 60 0 8 -0.892014
5 63 0 8 -0.893233
7 62 0 8 -0.895155
61 74 0 8 -0.896285
46 60 0 8 -0.897492
15 71 0 8 -0.897715
30 46 0 8 -0.899002
32 77 0 8 -0.899489
3 55 0 8 -0.899775
9 46 0 8 -0.899778
42 74 0 8 -0.899864
5 18 0 8 -0.901357
1 32 0 8 -0.902053
54 71 0 8 -0.902610
17 67 0 8 -0.903354
38 50 0 8 -0.904012
7 43 0 8 -0.905537
17 74 0 8 -0.905791
41 87 0 8 -0.906084
18 42 0 8 -0.906396
7 83 0 8 -0.908330
21 62 0 8 -0.908591
8 60 0 8 -0.908664
35 79 0 8 -0.909303
16 87 0 8 -0.909902
61 71 0 8 -0.912053
9 82 0 8 -0.913076
2 35 0 8 -0.913818
49 57 0 8 -0.913840
22 86 0 8 -0.914007
14 81 0 8 -0.914621
10 28 0 8 -0.914694
2 10 0 8 -0.914731
42 57 0 8 -0.916432
7 36 0 8 -0.917610
12 36 0 8 -0.918623
1 65 0 8 -0.918936
4 46 0 8 -0.921332
18 68 0 8 -0.921427
10 79 0 8 -0.924585
24 52 0 8 -0.924866
36 85 0 8 -0.925322
69 87 0 8 -0.925350
11 53 0 8 -0.926196
23 77 0 8 -0.928907
40 64 0 8 -0.929328
16 40 0 8 -0.929395
31 64 0 8 -0.930269
6 60 0 8 -0.930286
6 31 0 8 -0.931655
1 20 0 8 -0.932172
70 77 0 8 -0.933225
24 61 0 8 -0.933315
36 74 0 8 -0.933325
10 21 0 8 -0.935001
44 58 0 8 -0.935957
12 86 0 8 -0.937115
63 84 0 8 -0.937580
21 56 0 8 -0.938585
15 34 0 8 -0.940335
10 30 0 8 -0.940944
20 87 0 8 -0.941205
32 82 0 8 -0.941253
69 78 0 8 -0.942869
52 74 0 8 -0.943669
19 75 0 8 -0.944320
9 17 0 8 -0.946146
35 56 0 8 -0.946355
73 83 0 8 -0.946472
6 58 0 8 -0.947846
43 55 0 8 -0.948779
9 53 0 8 -0.949491
40 57 0 8 -0.950016
6 46 0 8 -0.950053
37 81 0 8 -0.950139
50 77 0 8 -0.950504
11 35 0 8 -0.952789
25 67 0 8 -0.953773
11 82 0 8 -0.954488
21 78 0 8 -0.955879
46 58 0 8 -0.955954
20 59 0 8 -0.957119
38 84 0 8 -0.957312
4 82 0 8 -0.957533
37 64 0 8 -0.958321
7 72 0 8 -0.959594
34 59 0 8 -0.963633
42 72 0 8 -0.963780
24 76 0 8 -0.963869
61 84 0 8 -0.964486
16 86 0 8 -0.964952
61 79 0 8 -0.966406
61 81 0 8 -0.968237
9 51 0 8 -0.968937
30 80 0 8 -0.969055
53 68 0 8 -0.969894
70 81 0 8 -0.970362
52 63 0 8 -0.971389
1 50 0 8 -0.971776
42 51 0 8 -0.972093
34 50 0 8 -0.975660
25 53 0 8 -0.975824
5 49 0 8 -0.976898
57 73 0 8 -0.977762
13 48 0 8 -0.982355
68 85 0 8 -0.982655
21 63 0 8 -0.982855
21 84 0 8 -0.983727
12 70 0 8 -0.987874
4 79 0 8 -0.989111
37 73 0 8 -0.989350
16 55 0 8 -0.990386
55 77 0 8 -0.991573
66 82 0 8 -0.993417
49 64 0 8 -0.994385
13 53 0 8 -0.995844
17 51 0 8 -0.997056
37 72 0 8 -0.999327
43 79 0 8 -0.999906
37 87 0 8 -1.002491
24 44 0 8 -1.004658
17 82 0 8 -1.005265
32 51 0 8 -1.005607
10 58 0 8 -1.008157
54 72 0 8 -1.008557
2 34 0 8 -1.008695
14 69 0 8 -1.008813
7 70 0 8 -1.010227
29 58 0 8 -1.011651
4 17 0 8 -1.012275
40 81 0 8 -1.012804
57 74 0 8 -1.013631
54 82 0 8 -1.014821
26 58 0 8 -1.017649
64 84 0 8 -1.018438
39 73 0 8 -1.019420
22 29 0 8 -1.019935
24 77 0 8 -1.020785
8 45 0 8 -1.021101
17 71 0 8 -1.021354
39 52 0 8 -1.022029
34 47 0 8 -1.022674
8 37 0 8 -1.023244
29 55 0 8 -1.023935
47 68 0 8 -1.024708
66 87 0 8 -1.026708
60 75 0 8 -1.026779
13 43 0 8 -1.026914
15 66 0 8 -1.028318
19 53 0 8 -1.028345
10 51 0 8 -1.028959
41 74 0 8 -1.029198
37 82 0 8 -1.030328
8 49 0 8 -1.032110
38 87 0 8 -1.032568
5 81 0 8 -1.032728
47 70 0 8 -1.036719
29 77 0 8 -1.036747
41 84 0 8 -1.038268
1 75 0 8 -1.038562
3 83 0 8 -1.039716
24 51 0 8 -1.040582
25 55 0 8 -1.040753
20 39 0 8 -1.042245
64 78 0 8 -1.044301
4 65 0 8 -1.045955
58 71 0 8 -1.046955
55 71 0 8 -1.047424
44 70 0 8 -1.048987
45 85 0 8 -1.050938
12 63 0 8 -1.052312
16 62 0 8 -1.053290
30 40 0 8 -1.053329
47 79 0 8 -1.054814
5 25 0 8 -1.055277
24 54 0 8 -1.056426
1 47 0 8 -1.056866
42 82 0 8 -1.057514
64 80 0 8 -1.057540
29 67 0 8 -1.058286
19 73 0 8 -1.058580
7 24 0 8 -1.060696
41 69 0 8 -1.060763
9 72 0 8 -1.062873
1 71 0 8 -1.062949
4 38 0 8 -1.063806
21 71 0 8 -1.066237
35 80 0 8 -1.066809
9 70 0 8 -1.067177
38 75 0 8 -1.067222
36 42 0 8 -1.067701
31 46 0 8 -1.068188
39 56 0 8 -1.070514
37 54 0 8 -1.071992
25 54 0 8 -1.072131
13 62 0 8 -1.073040
7 69 0 8 -1.073969
22 44 0 8 -1.074018
20 62 0 8 -1.074785
12 49 0 8 -1.076463
39 57 0 8 -1.076483
50 75 0 8 -1.077950
33 57 0 8 -1.079390
46 64 0 8 -1.079755
18 70 0 8 -1.080696
29 64 0 8 -1.080772
2 33 0 8 -1.080831
11 83 0 8 -1.081907
28 42 0 8 -1.082674
24 49 0 8 -1.082846
71 83 0 8 -1.083179
51 72 0 8 -1.083339
16 36 0 8 -1.084421
14 63 0 8 -1.084762
22 48 0 8 -1.092005
31 82 0 8 -1.092875
8 78 0 8 -1.092968
28 77 0 8 -1.094296
17 27 0 8 -1.094928
14 82 0 8 -1.096322
19 40 0 8 -1.096861
23 86 0 8 -1.097741
27 70 0 8 -1.097795
32 56 0 8 -1.098121
22 73 0 8 -1.098729
8 50 0 8 -1.099159
49 59 0 8 -1.099711
66 84 0 8 -1.100480
43 69 0 8 -1.101832
54 75 0 8 -1.103328
18 48 0 8 -1.103433
27 55 0 8 -1.104191
24 48 0 8 -1.105693
7 29 0 8 -1.106735
28 72 0 8 -1.107728
19 85 0 8 -1.108217
36 54 0 8 -1.108567
33 69 0 8 -1.108913
32 41 0 8 -1.111661
33 45 0 8 -1.112374
2 82 0 8 -1.112389
10 82 0 8 -1.112802
21 37 0 8 -1.116046
45 53 0 8 -1.116121
40 60 0 8 -1.116337
27 50 0 8 -1.116753
24 64 0 8 -1.117002
6 61 0 8 -1.117847
28 63 0 8 -1.119693
12 59 0 8 -1.119792
23 55 0 8 -1.120540
68 83 0 8 -1.121274
35 71 0 8 -1.122444
47 66 0 8 -1.122522
3 59 0 8 -1.122892
27 51 0 8 -1.125365
16 22 0 8 -1.126577
39 70 0 8 -1.127369
13 86 0 8 -1.130496
13 63 0 8 -1.131446
29 45 0 8 -1.132140
17 44 0 8 -1.132935
29 78 0 8 -1.133232
34 80 0 8 -1.133494
19 38 0 8 -1.133594
39 86 0 8 -1.134985
29 53 0 8 -1.135611
30 48 0 8 -1.138714
7 81 0 8 -1.138914
57 86 0 8 -1.139801
41 56 0 8 -1.141927
7 59 0 8 -1.142922
7 54 0 8 -1.145225
24 45 0 8 -1.145272
55 64 0 8 -1.146087
77 84 0 8 -1.146853
9 76 0 8 -1.148109
3 31 0 8 -1.148228
11 61 0 8 -1.149505
37 46 0 8 -1.149712
62 86 0 8 -1.151080
7 42 0 8 -1.154266
33 38 0 8 -1.155002
30 49 0 8 -1.155025
22 67 0 8 -1.155164
31 43 0 8 -1.159176
50 64 0 8 -1.159189
13 29 0 8 -1.159229
37 76 0 8 -1.161054
38 53 0 8 -1.161636
10 53 0 8 -1.165566
7 55 0 8 -1.165790
18 32 0 8 -1.167364
6 85 0 8 -1.167464
32 78 0 8 -1.168301
15 27 0 8 -1.168935
41 66 0 8 -1.169476
29 50 0 8 -1.171242
13 26 0 8 -1.172105
8 46 0 8 -1.173796
2 78 0 8 -1.175510
16 38 0 8 -1.175670
10 52 0 8 -1.175691
5 39 0 8 -1.175723
7 52 0 8 -1.175866
22 78 0 8 -1.176339
7 75 0 8 -1.178034
16 43 0 8 -1.179695
36 46 0 8 -1.180974
58 83 0 8 -1.181002
9 56 0 8 -1.181117
18 63 0 8 -1.182548
15 72 0 8 -1.183648
4 43 0 8 -1.185789
38 85 0 8 -1.186354
18 84 0 8 -1.186883
19 42 0 8 -1.189407
28 44 0 8 -1.190621
7 48 0 8 -1.191321
46 79 0 8 -1.191491
7 30 0 8 -1.192850
31 59 0 8 -1.194340
12 76 0 8 -1.194564
15 41 0 8 -1.195453
2 64 0 8 -1.196319
23 39 0 8 -1.198071
11 84 0 8 -1.199215
23 30 0 8 -1.199845
14 32 0 8 -1.202086
29 48 0 8 -1.202767
51 84 0 8 -1.203930
14 47 0 8 -1.204038
18 72 0 8 -1.205101
9 79 0 8 -1.206188
25 71 0 8 -1.207084
64 86 0 8 -1.208461
15 86 0 8 -1.209466
25 62 0 8 -1.209963
20 63 0 8 -1.210101
34 85 0 8 -1.210608
23 56 0 8 -1.210633
8 70 0 8 -1.210748
50 68 0 8 -1.211119
12 38 0 8 -1.211620
7 38 0 8 -1.214411
33 68 0 8 -1.217210
64 71 0 8 -1.217392
53 62 0 8 -1.217690
72 86 0 8 -1.219323
42 61 0 8 -1.220220
45 72 0 8 -1.220545
46 77 0 8 -1.221425
71 85 0 8 -1.222621
2 31 0 8 -1.225085
46 72 0 8 -1.227347
9 25 0 8 -1.230357
39 76 0 8 -1.231782
40 52 0 8 -1.232235
25 80 0 8 -1.232446
9 44 0 8 -1.232467
11 86 0 8 -1.232769
3 66 0 8 -1.233319
14 78 0 8 -1.233716
32 84 0 8 -1.233928
29 41 0 8 -1.234210
31 52 0 8 -1.235012
30 38 0 8 -1.235696
19 32 0 8 -1.237302
28 56 0 8 -1.239152
8 28 0 8 -1.240068
12 20 0 8 -1.240474
31 73 0 8 -1.240480
5 78 0 8 -1.240769
16 28 0 8 -1.241250
13 21 0 8 -1.243118
58 68 0 8 -1.243200
18 27 0 8 -1.243928
31 72 0 8 -1.245839
23 49 0 8 -1.246834
17 42 0 8 -1.248135
19 25 0 8 -1.248342
3 47 0 8 -1.249253
19 37 0 8 -1.250111
9 81 0 8 -1.251749
41 54 0 8 -1.254181
23 60 0 8 -1.259857
23 87 0 8 -1.260665
31 66 0 8 -1.262784
25 72 0 8 -1.264662
15 77 0 8 -1.265634
32 50 0 8 -1.267242
2 53 0 8 -1.267545
38 48 0 8 -1.268882
71 80 0 8 -1.270842
19 66 0 8 -1.270915
36 76 0 8 -1.271306
3 48 0 8 -1.271410
36 81 0 8 -1.275427
75 80 0 8 -1.276986
61 86 0 8 -1.277332
9 67 0 8 -1.277567
10 75 0 8 -1.278592
10 57 0 8 -1.278852
27 72 0 8 -1.279767
33 52 0 8 -1.282283
2 50 0 8 -1.283111
4 80 0 8 -1.284464
37 74 0 8 -1.284561
7 39 0 8 -1.285661
19 65 0 8 -1.286745
14 80 0 8 -1.289898
37 53 0 8 -1.289972
28 67 0 8 -1.289981
26 65 0 8 -1.290453
14 76 0 8 -1.290835
40 78 0 8 -1.292637
31 54 0 8 -1.294040
30 71 0 8 -1.296997
26 44 0 8 -1.297371
21 38 0 8 -1.298067
29 79 0 8 -1.298187
52 82 0 8 -1.298796
21 67 0 8 -1.300833
10 33 0 8 -1.302559
31 70 0 8 -1.302568
14 56 0 8 -1.302568
24 84 0 8 -1.303905
10 60 0 8 -1.304932
5 33 0 8 -1.305684
2 70 0 8 -1.305938
20 79 0 8 -1.306484
29 73 0 8 -1.308366
2 61 0 8 -1.310377
22 43 0 8 -1.310969
50 71 0 8 -1.311000
15 40 0 8 -1.312046
44 75 0 8 -1.314100
35 69 0 8 -1.314304
28 61 0 8 -1.315089
23 85 0 8 -1.315288
31 45 0 8 -1.316017
11 79 0 8 -1.319308
39 81 0 8 -1.319993
11 69 0 8 -1.320186
40 61 0 8 -1.320223
12 34 0 8 -1.320245
7 26 0 8 -1.320365
32 83 0 8 -1.322925
63 85 0 8 -1.322965
5 37 0 8 -1.323159
16 83 0 8 -1.323822
41 80 0 8 -1.324404
34 68 0 8 -1.326534
15 76 0 8 -1.327910
31 74 0 8 -1.329257
31 76 0 8 -1.329521
14 68 0 8 -1.330930
27 79 0 8 -1.331384
18 73 0 8 -1.333549
5 14 0 8 -1.334131
15 50 0 8 -1.338198
8 65 0 8 -1.339897
32 81 0 8 -1.341563
17 72 0 8 -1.342231
43 53 0 8 -1.342784
6 44 0 8 -1.345851
35 49 0 8 -1.347072
43 68 0 8 -1.347798
32 87 0 8 -1.351959
13 41 0 8 -1.352084
19 27 0 8 -1.352262
11 76 0 8 -1.353414
5 56 0 8 -1.353886
21 33 0 8 -1.357208
49 67 0 8 -1.357922
79 84 0 8 -1.358500
23 84 0 8 -1.358678
47 63 0 8 -1.358741
14 64 0 8 -1.358833
33 76 0 8 -1.360838
54 68 0 8 -1.361404
4 11 0 8 -1.361421
11 43 0 8 -1.363195
13 24 0 8 -1.363247
33 80 0 8 -1.364409
15 52 0 8 -1.365560
20 55 0 8 -1.366763
28 46 0 8 -1.368056
3 26 0 8 -1.370157
13 69 0 8 -1.371174
51 82 0 8 -1.372614
34 82 0 8 -1.372728
51 65 0 8 -1.372778
44 77 0 8 -1.373229
37 60 0 8 -1.374659
41 82 0 8 -1.378708
9 37 0 8 -1.378829
42 48 0 8 -1.380755
48 63 0 8 -1.380976
52 68 0 8 -1.384840
9 77 0 8 -1.385363
28 79 0 8 -1.386952
2 21 0 8 -1.389111
53 83 0 8 -1.389952
33 42 0 8 -1.389999
38 77 0 8 -1.390384
6 23 0 8 -1.390649
34 52 0 8 -1.396705
7 44 0 8 -1.398727
15 74 0 8 -1.400620
10 40 0 8 -1.401158
25 45 0 8 -1.402601
9 50 0 8 -1.406282
29 81 0 8 -1.408795
7 61 0 8 -1.409487
55 63 0 8 -1.410841
65 76 0 8 -1.412656
11 28 0 8 -1.415362
29 40 0 8 -1.415613
10 84 0 8 -1.416079
63 83 0 8 -1.418170
33 73 0 8 -1.418696
31 79 0 8 -1.419477
31 69 0 8 -1.422721
53 60 0 8 -1.423985
19 43 0 8 -1.424479
6 20 0 8 -1.427379
3 62 0 8 -1.427692
18 52 0 8 -1.428643
34 43 0 8 -1.431833
33 74 0 8 -1.432370
36 77 0 8 -1.439472
38 46 0 8 -1.439994
4 33 0 8 -1.443437
35 75 0 8 -1.448175
39 45 0 8 -1.448373
46 67 0 8 -1.448855
59 75 0 8 -1.449106
36 61 0 8 -1.453718
11 50 0 8 -1.453732
12 65 0 8 -1.455463
51 78 0 8 -1.456693
18 26 0 8 -1.459279
44 61 0 8 -1.460064
20 75 0 8 -1.462140
28 33 0 8 -1.462953
40 84 0 8 -1.463566
55 75 0 8 -1.465098
53 80 0 8 -1.466426
57 78 0 8 -1.468901
21 82 0 8 -1.471228
14 19 0 8 -1.474794
59 64 0 8 -1.477583
23 67 0 8 -1.478771
40 71 0 8 -1.479254
24 83 0 8 -1.479424
7 21 0 8 -1.480479
17 59 0 8 -1.480678
10 83 0 8 -1.482537
14 75 0 8 -1.487932
22 70 0 8 -1.490568
45 81 0 8 -1.490584
60 76 0 8 -1.492408
21 70 0 8 -1.494230
9 41 0 8 -1.498807
38 79 0 8 -1.499089
19 59 0 8 -1.501119
15 38 0 8 -1.505131
7 57 0 8 -1.506067
30 72 0 8 -1.506608
2 38 0 8 -1.509402
23 82 0 8 -1.510937
15 53 0 8 -1.512523
24 86 0 8 -1.514614
27 83 0 8 -1.517229
11 40 0 8 -1.517366
30 44 0 8 -1.518171
28 58 0 8 -1.518234
30 67 0 8 -1.519986
22 74 0 8 -1.520441
12 71 0 8 -1.520961
15 84 0 8 -1.522444
39 79 0 8 -1.523054
39 75 0 8 -1.524757
54 83 0 8 -1.527198
33 72 0 8 -1.528120
36 60 0 8 -1.530506
42 64 0 8 -1.531371
40 75 0 8 -1.531721
49 84 0 8 -1.531977
4 53 0 8 -1.532880
27 46 0 8 -1.532992
36 51 0 8 -1.533405
10 64 0 8 -1.534212
9 61 0 8 -1.534856
42 69 0 8 -1.535952
25 79 0 8 -1.537637
17 30 0 8 -1.538646
38 67 0 8 -1.541244
11 81 0 8 -1.542998
23 68 0 8 -1.543629
22 65 0 8 -1.544686
3 63 0 8 -1.546390
37 55 0 8 -1.549287
5 66 0 8 -1.549385
31 56 0 8 -1.549605
17 60 0 8 -1.549827
20 71 0 8 -1.551295
19 28 0 8 -1.552254
25 63 0 8 -1.555778
39 69 0 8 -1.560846
27 43 0 8 -1.561063
4 51 0 8 -1.561564
19 39 0 8 -1.561736
34 76 0 8 -1.561864
7 58 0 8 -1.562437
20 32 0 8 -1.562600
11 70 0 8 -1.563560
21 66 0 8 -1.565116
9 19 0 8 -1.565189
17 34 0 8 -1.566896
19 58 0 8 -1.567444
34 79 0 8 -1.568487
36 56 0 8 -1.570680
6 36 0 8 -1.574187
28 60 0 8 -1.574472
36 86 0 8 -1.576183
40 83 0 8 -1.576959
16 32 0 8 -1.577116
16 39 0 8 -1.578426
11 41 0 8 -1.579000
37 57 0 8 -1.580700
21 68 0 8 -1.581541
35 54 0 8 -1.581998
15 43 0 8 -1.582329
13 27 0 8 -1.582417
36 75 0 8 -1.585095
4 62 0 8 -1.589418
20 45 0 8 -1.589987
35 52 0 8 -1.590749
10 65 0 8 -1.596496
54 84 0 8 -1.596956
34 69 0 8 -1.598103
43 82 0 8 -1.598540
25 74 0 8 -1.599861
21 61 0 8 -1.600558
49 62 0 8 -1.603394
23 48 0 8 -1.603804
11 37 0 8 -1.606819
62 84 0 8 -1.606994
5 61 0 8 -1.609795
23 58 0 8 -1.611869
3 33 0 8 -1.614237
32 79 0 8 -1.616860
68 75 0 8 -1.618920
32 69 0 8 -1.620976
63 73 0 8 -1.627785
31 80 0 8 -1.633192
13 79 0 8 -1.633500
4 60 0 8 -1.633995
56 66 0 8 -1.636271
22 64 0 8 -1.636948
3 57 0 8 -1.640314
29 51 0 8 -1.642208
20 82 0 8 -1.645255
14 45 0 8 -1.645559
21 79 0 8 -1.651821
49 81 0 8 -1.652731
29 49 0 8 -1.653740
5 24 0 8 -1.659468
22 75 0 8 -1.661486
46 81 0 8 -1.662948
10 69 0 8 -1.664475
39 84 0 8 -1.665610
19 71 0 8 -1.666028
35 76 0 8 -1.670906
13 81 0 8 -1.671871
34 81 0 8 -1.673342
3 39 0 8 -1.674264
32 85 0 8 -1.674773
10 81 0 8 -1.675853
10 71 0 8 -1.676202
35 58 0 8 -1.676303
10 72 0 8 -1.677883
33 70 0 8 -1.680229
18 69 0 8 -1.681267
20 56 0 8 -1.683791
35 61 0 8 -1.684230
46 76 0 8 -1.685544
29 37 0 8 -1.687250
30 50 0 8 -1.688713
27 75 0 8 -1.689004
57 72 0 8 -1.694226
41 65 0 8 -1.695739
37 56 0 8 -1.695823
17 78 0 8 -1.696781
18 62 0 8 -1.696861
11 68 0 8 -1.698020
42 60 0 8 -1.698341
63 78 0 8 -1.705389
30 82 0 8 -1.705670
10 47 0 8 -1.710177
30 62 0 8 -1.714265
18 67 0 8 -1.716953
9 49 0 8 -1.717437
12 26 0 8 -1.717884
15 49 0 8 -1.722262
2 44 0 8 -1.722643
5 30 0 8 -1.725843
21 74 0 8 -1.727205
39 72 0 8 -1.728226
5 73 0 8 -1.733291
15 23 0 8 -1.742081
44 81 0 8 -1.742602
21 81 0 8 -1.742678
9 39 0 8 -1.743147
15 48 0 8 -1.743149
20 48 0 8 -1.745947
4 40 0 8 -1.751668
42 63 0 8 -1.752643
23 47 0 8 -1.752963
15 54 0 8 -1.757695
12 35 0 8 -1.757947
18 61 0 8 -1.761260
22 63 0 8 -1.772613
23 61 0 8 -1.776514
52 71 0 8 -1.781805
41 64 0 8 -1.783985
12 27 0 8 -1.784329
56 75 0 8 -1.786960
70 79 0 8 -1.787374
16 77 0 8 -1.788535
17 75 0 8 -1.788904
13 65 0 8 -1.789092
3 23 0 8 -1.794072
23 43 0 8 -1.794788
42 77 0 8 -1.796439
30 75 0 8 -1.796795
37 75 0 8 -1.803437
37 68 0 8 -1.808339
12 64 0 8 -1.811873
23 69 0 8 -1.811898
9 45 0 8 -1.815050
11 47 0 8 -1.816502
15 56 0 8 -1.817653
27 71 0 8 -1.820388
31 78 0 8 -1.821702
34 66 0 8 -1.825012
33 48 0 8 -1.825960
16 31 0 8 -1.827409
18 47 0 8 -1.827710
41 79 0 8 -1.831316
23 52 0 8 -1.831748
2 77 0 8 -1.832711
6 47 0 8 -1.833951
24 82 0 8 -1.834311
12 40 0 8 -1.835609
33 67 0 8 -1.835922
32 54 0 8 -1.837428
43 67 0 8 -1.837834
21 39 0 8 -1.839688
49 60 0 8 -1.845036
45 77 0 8 -1.845227
26 72 0 8 -1.845962
30 51 0 8 -1.850903
43 62 0 8 -1.854317
53 66 0 8 -1.855247
29 54 0 8 -1.858608
35 45 0 8 -1.858670
31 61 0 8 -1.859572
34 67 0 8 -1.861793
4 37 0 8 -1.863906
62 77 0 8 -1.864000
35 77 0 8 -1.866865
30 64 0 8 -1.866920
33 77 0 8 -1.872147
40 80 0 8 -1.875269
54 69 0 8 -1.878263
48 65 0 8 -1.879368
29 60 0 8 -1.879499
34 49 0 8 -1.881232
58 69 0 8 -1.882764
34 75 0 8 -1.884309
36 64 0 8 -1.888064
21 30 0 8 -1.888149
35 55 0 8 -1.894678
40 55 0 8 -1.901049
49 66 0 8 -1.901742
5 34 0 8 -1.906041
12 41 0 8 -1.907119
50 78 0 8 -1.907735
45 67 0 8 -1.909112
31 53 0 8 -1.910572
44 69 0 8 -1.916765
48 62 0 8 -1.920756
35 60 0 8 -1.921689
2 19 0 8 -1.923911
19 82 0 8 -1.924812
12 24 0 8 -1.925056
9 52 0 8 -1.927953
9 75 0 8 -1.928268
3 68 0 8 -1.928521
20 73 0 8 -1.928944
12 79 0 8 -1.934649
37 48 0 8 -1.936027
24 79 0 8 -1.937309
35 42 0 8 -1.938839
46 82 0 8 -1.945564
6 65 0 8 -1.947095
39 77 0 8 -1.949026
55 81 0 8 -1.951751
6 64 0 8 -1.958924
43 63 0 8 -1.963194
54 63 0 8 -1.966594
38 76 0 8 -1.970074
21 65 0 8 -1.971991
41 63 0 8 -1.973084
13 67 0 8 -1.976755
9 62 0 8 -1.987957
34 60 0 8 -1.989694
13 61 0 8 -1.992756
19 79 0 8 -1.993713
22 42 0 8 -1.993788
12 66 0 8 -1.994249
54 65 0 8 -1.998806
22 40 0 8 -1.999664
21 80 0 8 -1.999841
14 41 0 8 -2.005703
36 57 0 8 -2.011252
30 55 0 8 -2.011562
26 76 0 8 -2.013452
51 68 0 8 -2.024536
42 75 0 8 -2.026113
32 48 0 8 -2.027572
20 78 0 8 -2.029868
24 71 0 8 -2.032429
36 59 0 8 -2.032691
15 51 0 8 -2.034767
15 47 0 8 -2.040901
60 73 0 8 -2.044978
6 80 0 8 -2.051802
44 84 0 8 -2.054111
23 78 0 8 -2.055774
10 45 0 8 -2.057985
44 73 0 8 -2.059665
16 64 0 8 -2.068324
41 81 0 8 -2.071065
27 53 0 8 -2.072410
16 74 0 8 -2.072524
25 65 0 8 -2.076967
4 25 0 8 -2.077775
50 65 0 8 -2.079915
26 51 0 8 -2.084324
11 42 0 8 -2.085859
29 59 0 8 -2.086161
5 20 0 8 -2.088402
34 46 0 8 -2.091823
7 68 0 8 -2.093253
18 39 0 8 -2.099725
26 43 0 8 -2.102730
38 56 0 8 -2.105128
48 82 0 8 -2.108014
19 44 0 8 -2.114418
20 67 0 8 -2.115580
47 81 0 8 -2.117485
19 48 0 8 -2.126268
26 64 0 8 -2.128022
19 57 0 8 -2.128039
10 68 0 8 -2.137136
13 70 0 8 -2.139066
12 31 0 8 -2.143104
3 35 0 8 -2.143944
12 78 0 8 -2.144304
24 29 0 8 -2.144554
2 62 0 8 -2.144730
3 36 0 8 -2.145559
19 46 0 8 -2.146912
37 78 0 8 -2.148570
36 82 0 8 -2.151310
42 83 0 8 -2.155889
4 35 0 8 -2.164944
25 57 0 8 -2.169030
16 21 0 8 -2.171026
35 66 0 8 -2.173221
22 41 0 8 -2.178016
45 60 0 8 -2.180552
9 48 0 8 -2.181413
16 73 0 8 -2.193253
41 75 0 8 -2.194164
15 42 0 8 -2.201768
24 30 0 8 -2.210817
18 24 0 8 -2.214329
29 52 0 8 -2.218284
37 52 0 8 -2.223507
26 53 0 8 -2.228522
16 66 0 8 -2.231503
32 67 0 8 -2.240004
28 57 0 8 -2.244379
6 33 0 8 -2.256143
34 64 0 8 -2.260485
52 79 0 8 -2.266189
14 66 0 8 -2.278721
2 18 0 8 -2.280421
17 68 0 8 -2.282836
33 66 0 8 -2.285112
5 36 0 8 -2.292283
6 78 0 8 -2.292842
40 48 0 8 -2.294025
32 80 0 8 -2.296891
52 65 0 8 -2.297511
35 62 0 8 -2.299645
22 61 0 8 -2.305058
18 34 0 8 -2.318643
6 39 0 8 -2.319054
6 18 0 8 -2.319857
22 32 0 8 -2.323143
4 61 0 8 -2.325868
43 51 0 8 -2.326803
14 74 0 8 -2.338380
36 68 0 8 -2.346663
37 49 0 8 -2.348949
38 73 0 8 -2.354431
3 21 0 8 -2.356928
15 63 0 8 -2.359959
43 72 0 8 -2.363962
35 48 0 8 -2.371028
26 36 0 8 -2.375651
35 68 0 8 -2.380396
65 74 0 8 -2.392050
37 80 0 8 -2.395276
10 39 0 8 -2.419523
15 65 0 8 -2.420699
23 81 0 8 -2.428422
36 84 0 8 -2.433622
40 67 0 8 -2.443879
3 40 0 8 -2.445654
37 77 0 8 -2.457900
15 45 0 8 -2.463611
35 74 0 8 -2.463971
13 39 0 8 -2.475994
29 42 0 8 -2.479411
45 78 0 8 -2.482417
15 25 0 8 -2.482851
12 39 0 8 -2.491280
6 79 0 8 -2.493331
16 60 0 8 -2.494931
38 69 0 8 -2.510056
40 76 0 8 -2.517699
13 68 0 8 -2.550321
28 64 0 8 -2.552338
5 40 0 8 -2.552975
32 64 0 8 -2.561364
46 68 0 8 -2.569954
38 68 0 8 -2.570841
10 41 0 8 -2.577512
20 57 0 8 -2.586301
48 60 0 8 -2.599756
3 65 0 8 -2.603605
30 47 0 8 -2.606192
9 65 0 8 -2.614316
12 37 0 8 -2.616539
33 63 0 8 -2.621054
34 45 0 8 -2.629344
2 60 0 8 -2.638655
37 79 0 8 -2.647252
29 47 0 8 -2.654458
15 78 0 8 -2.657953
6 40 0 8 -2.669577
24 60 0 8 -2.676921
32 52 0 8 -2.680430
29 72 0 8 -2.688416
29 70 0 8 -2.714799
57 65 0 8 -2.718459
39 67 0 8 -2.734430
28 69 0 8 -2.747529
23 79 0 8 -2.751927
32 47 0 8 -2.794673
16 29 0 8 -2.799717
46 63 0 8 -2.805775
25 68 0 8 -2.816360
36 69 0 8 -2.820302
26 63 0 8 -2.847100
37 70 0 8 -2.849135
29 74 0 8 -2.858014
6 62 0 8 -2.875225
34 73 0 8 -2.899429
18 66 0 8 -2.918301
36 78 0 8 -2.961561
44 68 0 8 -2.970011
36 73 0 8 -2.977534
21 60 0 8 -2.990540
29 66 0 8 -3.008152
33 61 0 8 -3.027185
46 62 0 8 -3.048794
20 64 0 8 -3.079825
6 69 0 8 -3.104567
24 65 0 8 -3.184571
19 62 0 8 -3.202528
35 63 0 8 -3.337724
20 68 0 8 -3.369913
21 40 0 8 -3.674265
2 63 0 8 -3.716647
2 37 0 8 -4.144592
