68  71  68_G    71_D    0.7253  3.487   1.000
19  29  19_A    29_R    0.6709  3.226   1.000
12  15  12_N    15_R    0.5639  2.711   1.000
18  51  18_L    51_I    0.4605  2.214   1.000
51  62  51_I    62_V    0.4598  2.211   1.000
36  65  36_E    65_I    0.4132  1.987   1.000
21  50  21_E    50_V    0.3998  1.923   1.000
21  54  21_E    54_I    0.3765  1.810   1.000
5   22  5_V 22_L    0.3691  1.775   1.000
24  50  24_K    50_V    0.3549  1.707   1.000
19  23  19_A    23_K    0.3460  1.664   1.000
46  50  46_N    50_V    0.3447  1.657   0.999
39  47  39_I    47_L    0.3426  1.647   0.999
6   34  6_V 34_A    0.3322  1.597   0.999
48  76  48_I    76_I    0.3314  1.594   0.999
48  64  48_I    64_V    0.3304  1.589   0.999
21  24  21_E    24_K    0.3000  1.443   0.998
44  64  44_V    64_V    0.2998  1.442   0.998
21  47  21_E    47_L    0.2945  1.416   0.997
39  43  39_I    43_R    0.2939  1.413   0.997
18  55  18_L    55_V    0.2878  1.384   0.997
16  20  16_N    20_N    0.2844  1.367   0.996
17  54  17_K    54_I    0.2778  1.336   0.995
30  65  30_I    65_I    0.2770  1.332   0.995
56  59  56_D    59_T    0.2653  1.276   0.993
23  29  23_K    29_R    0.2636  1.268   0.993
52  78  52_N    78_I    0.2600  1.250   0.992
26  29  26_G    29_R    0.2595  1.248   0.992
63  75  63_H    75_R    0.2566  1.234   0.991
14  59  14_K    59_T    0.2530  1.216   0.989
22  47  22_L    47_L    0.2485  1.195   0.988
52  57  52_N    57_I    0.2432  1.169   0.986
30  63  30_I    63_H    0.2419  1.163   0.985
44  48  44_V    48_I    0.2288  1.100   0.977
26  37  26_G    37_G    0.2284  1.098   0.977
14  60  14_K    60_D    0.2281  1.097   0.976
15  22  15_R    22_L    0.2227  1.071   0.972
5   26  5_V 26_G    0.2200  1.058   0.969
66  74  66_P    74_R    0.2171  1.044   0.966
3   66  3_I 66_P    0.2157  1.037   0.965
55  79  55_V    79_G    0.2139  1.028   0.962
5   64  5_V 64_V    0.2133  1.026   0.962
15  29  15_R    29_R    0.2125  1.022   0.961
6   32  6_V 32_R    0.2060  0.990   0.952
22  35  22_L    35_F    0.2027  0.975   0.947
32  81  32_R    81_E    0.2027  0.975   0.947
15  19  15_R    19_A    0.2025  0.974   0.946
52  62  52_N    62_V    0.2011  0.967   0.944
19  22  19_A    22_L    0.1994  0.959   0.941
30  36  30_I    36_E    0.1993  0.958   0.941
62  78  62_V    78_I    0.1926  0.926   0.927
52  64  52_N    64_V    0.1919  0.923   0.926
10  59  10_S    59_T    0.1902  0.914   0.921
5   37  5_V 37_G    0.1838  0.884   0.905
4   34  4_I 34_A    0.1806  0.869   0.896
17  39  17_K    39_I    0.1796  0.863   0.892
49  52  49_R    52_N    0.1745  0.839   0.875
19  26  19_A    26_G    0.1741  0.837   0.874
56  60  56_D    60_D    0.1741  0.837   0.874
55  62  55_V    62_V    0.1730  0.832   0.870
77  81  77_V    81_E    0.1722  0.828   0.867
25  36  25_F    36_E    0.1672  0.804   0.847
32  44  32_R    44_V    0.1671  0.804   0.847
41  45  41_S    45_K    0.1662  0.799   0.842
15  26  15_R    26_G    0.1660  0.798   0.841
6   37  6_V 37_G    0.1650  0.793   0.837
25  50  25_F    50_V    0.1613  0.776   0.820
5   47  5_V 47_L    0.1607  0.773   0.817
14  56  14_K    56_D    0.1606  0.772   0.816
31  35  31_Q    35_F    0.1599  0.769   0.813
21  51  21_E    51_I    0.1577  0.758   0.802
67  72  67_L    72_W    0.1575  0.757   0.801
62  67  62_V    67_L    0.1518  0.730   0.770
77  80  77_V    80_K    0.1506  0.724   0.763
4   36  4_I 36_E    0.1489  0.716   0.753
5   51  5_V 51_I    0.1480  0.712   0.748
44  66  44_V    66_P    0.1474  0.709   0.745
60  79  60_D    79_G    0.1450  0.697   0.729
45  52  45_K    52_N    0.1444  0.694   0.725
18  21  18_L    21_E    0.1382  0.664   0.684
12  16  12_N    16_N    0.1372  0.660   0.678
4   30  4_I 30_I    0.1371  0.659   0.677
45  48  45_K    48_I    0.1370  0.659   0.677
8   33  8_D 33_S    0.1364  0.656   0.673
55  60  55_V    60_D    0.1352  0.650   0.664
43  81  43_R    81_E    0.1323  0.636   0.643
40  45  40_D    45_K    0.1307  0.628   0.631
46  49  46_N    49_R    0.1299  0.625   0.627
10  57  10_S    57_I    0.1294  0.622   0.622
17  23  17_K    23_K    0.1292  0.621   0.621
18  40  18_L    40_D    0.1291  0.621   0.621
70  73  70_R    73_E    0.1280  0.615   0.612
66  70  66_P    70_R    0.1272  0.612   0.607
30  61  30_I    61_I    0.1262  0.607   0.600
12  22  12_N    22_L    0.1255  0.603   0.593
19  35  19_A    35_F    0.1253  0.603   0.593
5   48  5_V 48_I    0.1252  0.602   0.592
9   35  9_I 35_F    0.1251  0.602   0.592
30  75  30_I    75_R    0.1249  0.600   0.589
14  65  14_K    65_I    0.1229  0.591   0.575
45  49  45_K    49_R    0.1222  0.588   0.570
2   23  2_K 23_K    0.1220  0.587   0.569
17  58  17_K    58_K    0.1217  0.585   0.566
48  66  48_I    66_P    0.1213  0.583   0.562
1   38  1_M 38_D    0.1208  0.581   0.559
34  63  34_A    63_H    0.1204  0.579   0.556
61  77  61_I    77_V    0.1203  0.578   0.555
13  42  13_G    42_Q    0.1202  0.578   0.555
6   63  6_V 63_H    0.1188  0.571   0.544
37  75  37_G    75_R    0.1187  0.571   0.544
7   33  7_Y 33_S    0.1186  0.570   0.542
59  80  59_T    80_K    0.1183  0.569   0.541
64  78  64_V    78_I    0.1177  0.566   0.536
16  19  16_N    19_A    0.1173  0.564   0.533
48  57  48_I    57_I    0.1172  0.563   0.531
29  32  29_R    32_R    0.1155  0.556   0.521
45  53  45_K    53_G    0.1153  0.555   0.519
5   35  5_V 35_F    0.1151  0.553   0.516
63  67  63_H    67_L    0.1148  0.552   0.514
47  50  47_L    50_V    0.1143  0.550   0.511
