6 34 0 8 11.433005
27 37 0 8 10.456064
19 29 0 8 7.905945
50 56 0 8 6.810410
18 51 0 8 6.749150
36 63 0 8 6.234223
48 74 0 8 6.071229
22 49 0 8 5.640954
73 78 0 8 5.348142
10 44 0 8 5.348105
56 62 0 8 5.293863
14 36 0 8 5.187662
38 58 0 8 5.059366
13 46 0 8 5.058719
6 58 0 8 4.830189
14 34 0 8 4.821013
22 46 0 8 4.773237
39 44 0 8 4.760664
12 46 0 8 4.743605
21 42 0 8 4.564322
64 76 0 8 4.527763
10 59 0 8 4.474721
4 30 0 8 4.427604
44 54 0 8 4.378160
43 57 0 8 4.341904
17 36 0 8 4.339025
40 54 0 8 4.323740
21 54 0 8 4.251832
11 67 0 8 4.244086
56 67 0 8 4.235496
13 42 0 8 4.225933
24 43 0 8 4.171133
40 45 0 8 4.140337
15 26 0 8 4.119510
18 67 0 8 4.108659
48 73 0 8 4.068613
36 65 0 8 4.065291
9 32 0 8 4.060480
30 36 0 8 3.989958
28 36 0 8 3.974680
17 55 0 8 3.958668
32 44 0 8 3.913557
42 67 0 8 3.886324
25 40 0 8 3.872483
41 64 0 8 3.863317
22 67 0 8 3.820581
5 64 0 8 3.801176
21 63 0 8 3.785851
10 61 0 8 3.730173
23 28 0 8 3.692226
72 77 0 8 3.683092
40 64 0 8 3.681386
69 77 0 8 3.664381
14 22 0 8 3.636991
20 36 0 8 3.631066
17 52 0 8 3.606346
37 63 0 8 3.601677
42 50 0 8 3.588425
30 69 0 8 3.583059
48 64 0 8 3.552247
32 74 0 8 3.536905
5 51 0 8 3.496033
40 50 0 8 3.487995
63 74 0 8 3.472274
32 38 0 8 3.471498
15 66 0 8 3.444192
30 62 0 8 3.443701
39 53 0 8 3.364146
16 67 0 8 3.361661
8 33 0 8 3.359231
11 52 0 8 3.345393
6 21 0 8 3.332167
73 81 0 8 3.331127
75 80 0 8 3.327627
38 67 0 8 3.322651
21 51 0 8 3.301571
52 58 0 8 3.295468
34 61 0 8 3.260731
4 16 0 8 3.249267
69 76 0 8 3.244602
14 68 0 8 3.210100
25 47 0 8 3.206524
10 48 0 8 3.196825
16 53 0 8 3.193633
69 74 0 8 3.192873
54 73 0 8 3.190784
48 59 0 8 3.152147
23 64 0 8 3.125461
18 54 0 8 3.116987
17 54 0 8 3.111937
15 29 0 8 3.100288
3 66 0 8 3.098963
17 39 0 8 3.098838
50 61 0 8 3.078629
2 47 0 8 3.073678
32 46 0 8 3.067026
19 72 0 8 3.052490
10 25 0 8 3.042980
52 78 0 8 3.029764
14 20 0 8 3.023333
74 81 0 8 2.995679
47 58 0 8 2.978136
24 32 0 8 2.968527
5 57 0 8 2.966052
51 57 0 8 2.952990
2 66 0 8 2.950584
45 70 0 8 2.938328
5 22 0 8 2.906856
71 76 0 8 2.905523
27 77 0 8 2.897513
4 36 0 8 2.893192
37 61 0 8 2.893030
11 75 0 8 2.875492
14 51 0 8 2.867718
32 53 0 8 2.844482
6 24 0 8 2.840281
10 54 0 8 2.828173
16 50 0 8 2.817428
24 71 0 8 2.809796
42 51 0 8 2.807084
36 60 0 8 2.783746
3 17 0 8 2.781299
38 49 0 8 2.774841
5 48 0 8 2.774278
4 70 0 8 2.774068
5 43 0 8 2.770339
41 49 0 8 2.766327
52 67 0 8 2.764809
41 58 0 8 2.758033
30 68 0 8 2.752791
53 58 0 8 2.749221
22 60 0 8 2.730868
48 60 0 8 2.727847
25 68 0 8 2.715200
12 17 0 8 2.714948
43 52 0 8 2.714631
2 42 0 8 2.709190
5 67 0 8 2.707229
7 19 0 8 2.695492
15 39 0 8 2.690939
32 43 0 8 2.683611
41 70 0 8 2.679556
22 42 0 8 2.662786
13 50 0 8 2.659843
4 20 0 8 2.653608
23 36 0 8 2.646629
16 52 0 8 2.643544
30 63 0 8 2.640239
9 50 0 8 2.639874
12 32 0 8 2.632370
9 72 0 8 2.631372
22 76 0 8 2.628952
74 80 0 8 2.618145
15 73 0 8 2.611735
13 57 0 8 2.604659
4 45 0 8 2.603158
19 54 0 8 2.603019
6 64 0 8 2.600818
12 39 0 8 2.576721
17 72 0 8 2.576682
52 65 0 8 2.573989
16 39 0 8 2.572674
55 65 0 8 2.566408
20 28 0 8 2.562385
23 48 0 8 2.557997
68 74 0 8 2.540956
18 41 0 8 2.528186
27 50 0 8 2.522390
14 43 0 8 2.521610
24 37 0 8 2.507269
1 24 0 8 2.485947
10 21 0 8 2.482164
19 65 0 8 2.481657
31 79 0 8 2.469798
23 29 0 8 2.467136
24 68 0 8 2.466182
42 63 0 8 2.464839
15 47 0 8 2.464792
15 34 0 8 2.458511
49 76 0 8 2.445723
17 56 0 8 2.443324
32 41 0 8 2.434463
19 38 0 8 2.432790
4 55 0 8 2.425075
68 75 0 8 2.422107
11 43 0 8 2.415241
51 62 0 8 2.408366
55 62 0 8 2.391918
7 33 0 8 2.390444
10 67 0 8 2.382671
15 22 0 8 2.382231
57 76 0 8 2.373363
39 76 0 8 2.369671
12 48 0 8 2.363364
18 24 0 8 2.358588
65 76 0 8 2.355988
24 38 0 8 2.331437
38 50 0 8 2.329727
28 44 0 8 2.314851
34 63 0 8 2.305231
59 80 0 8 2.302457
34 67 0 8 2.297418
39 66 0 8 2.289757
23 41 0 8 2.286989
38 66 0 8 2.286600
44 63 0 8 2.283843
53 66 0 8 2.280225
69 75 0 8 2.269488
3 63 0 8 2.264642
19 28 0 8 2.264163
46 77 0 8 2.249879
28 58 0 8 2.247850
2 36 0 8 2.247336
40 53 0 8 2.246923
47 76 0 8 2.246340
29 55 0 8 2.244579
5 58 0 8 2.238384
46 62 0 8 2.238200
6 45 0 8 2.237835
14 56 0 8 2.232888
6 15 0 8 2.228826
25 39 0 8 2.223094
38 62 0 8 2.220379
9 47 0 8 2.216263
47 59 0 8 2.198602
3 43 0 8 2.197824
2 24 0 8 2.196084
21 69 0 8 2.180364
14 60 0 8 2.166972
12 49 0 8 2.164518
34 48 0 8 2.164081
25 76 0 8 2.159806
66 72 0 8 2.159165
45 59 0 8 2.143640
35 44 0 8 2.140901
47 64 0 8 2.140510
20 50 0 8 2.135920
6 51 0 8 2.132533
21 62 0 8 2.132374
28 53 0 8 2.130914
49 78 0 8 2.118376
16 72 0 8 2.118301
3 45 0 8 2.115097
29 62 0 8 2.108277
46 79 0 8 2.105758
11 36 0 8 2.101356
21 61 0 8 2.097405
47 78 0 8 2.088679
61 66 0 8 2.077796
65 78 0 8 2.076877
30 49 0 8 2.074681
42 54 0 8 2.073052
17 58 0 8 2.061883
17 28 0 8 2.050860
6 11 0 8 2.039836
18 69 0 8 2.026172
17 25 0 8 2.022970
48 71 0 8 2.022650
8 31 0 8 2.015547
7 37 0 8 2.012389
55 63 0 8 1.999021
34 43 0 8 1.991577
25 36 0 8 1.991098
3 18 0 8 1.979911
14 72 0 8 1.972462
6 28 0 8 1.972335
6 36 0 8 1.962604
47 52 0 8 1.961972
5 12 0 8 1.958558
38 78 0 8 1.951690
44 67 0 8 1.934221
4 41 0 8 1.923164
20 59 0 8 1.922203
24 50 0 8 1.918991
49 74 0 8 1.915418
59 68 0 8 1.913943
70 77 0 8 1.913118
14 48 0 8 1.909845
19 47 0 8 1.909465
46 58 0 8 1.908099
28 45 0 8 1.907085
47 70 0 8 1.902657
16 57 0 8 1.897901
21 45 0 8 1.892575
23 68 0 8 1.886049
6 61 0 8 1.881920
53 71 0 8 1.881758
55 60 0 8 1.879699
62 67 0 8 1.872926
9 58 0 8 1.872245
4 22 0 8 1.868675
10 24 0 8 1.852283
3 70 0 8 1.849099
16 23 0 8 1.847255
42 61 0 8 1.840562
21 75 0 8 1.837512
40 75 0 8 1.834406
57 62 0 8 1.830964
14 76 0 8 1.827370
5 72 0 8 1.823478
12 43 0 8 1.820246
42 56 0 8 1.817342
12 77 0 8 1.810367
13 45 0 8 1.792202
70 82 0 8 1.789795
30 46 0 8 1.788874
32 60 0 8 1.785261
11 24 0 8 1.780634
37 72 0 8 1.778553
36 46 0 8 1.776397
27 35 0 8 1.770996
2 28 0 8 1.766688
24 78 0 8 1.754956
54 64 0 8 1.752857
39 47 0 8 1.752729
37 81 0 8 1.746242
15 54 0 8 1.746144
18 25 0 8 1.743740
5 37 0 8 1.738749
32 45 0 8 1.737023
76 82 0 8 1.708395
49 67 0 8 1.707934
41 46 0 8 1.700187
47 57 0 8 1.698971
61 74 0 8 1.697821
13 70 0 8 1.694714
49 73 0 8 1.694625
41 72 0 8 1.693098
38 74 0 8 1.693081
45 53 0 8 1.690494
23 76 0 8 1.690406
12 20 0 8 1.685925
29 69 0 8 1.684567
20 49 0 8 1.680307
57 73 0 8 1.669069
5 52 0 8 1.662374
12 47 0 8 1.662110
37 48 0 8 1.658079
53 59 0 8 1.644929
61 68 0 8 1.641781
10 66 0 8 1.640361
15 81 0 8 1.636918
34 60 0 8 1.635168
52 77 0 8 1.623365
60 74 0 8 1.619205
70 76 0 8 1.615423
67 77 0 8 1.612346
6 65 0 8 1.609432
39 62 0 8 1.603363
9 33 0 8 1.602443
11 65 0 8 1.601528
16 61 0 8 1.598263
11 51 0 8 1.583084
68 73 0 8 1.577640
4 31 0 8 1.572485
16 46 0 8 1.567633
48 66 0 8 1.556235
21 55 0 8 1.555906
44 64 0 8 1.544883
3 20 0 8 1.540350
8 35 0 8 1.538274
28 65 0 8 1.537458
70 75 0 8 1.526561
26 32 0 8 1.519574
26 33 0 8 1.517206
20 70 0 8 1.510952
55 73 0 8 1.508797
47 75 0 8 1.508430
57 70 0 8 1.507980
71 77 0 8 1.506576
3 22 0 8 1.506019
18 55 0 8 1.503787
26 73 0 8 1.500955
56 71 0 8 1.494936
6 22 0 8 1.494113
9 56 0 8 1.491486
29 47 0 8 1.486606
23 72 0 8 1.486034
32 79 0 8 1.478557
10 73 0 8 1.477550
70 80 0 8 1.476206
9 66 0 8 1.475105
16 22 0 8 1.474675
38 69 0 8 1.470649
13 36 0 8 1.453475
20 76 0 8 1.453161
25 72 0 8 1.445633
46 68 0 8 1.445435
39 59 0 8 1.444679
40 46 0 8 1.432880
33 60 0 8 1.432484
39 45 0 8 1.428664
6 32 0 8 1.428479
6 38 0 8 1.427621
71 78 0 8 1.419876
48 69 0 8 1.415882
2 57 0 8 1.414026
4 54 0 8 1.412313
28 67 0 8 1.412173
13 52 0 8 1.402099
2 23 0 8 1.402051
39 73 0 8 1.398966
35 54 0 8 1.396553
3 73 0 8 1.394194
39 57 0 8 1.385382
19 69 0 8 1.383898
51 78 0 8 1.383389
23 66 0 8 1.374513
18 35 0 8 1.367047
43 60 0 8 1.366245
18 49 0 8 1.358189
37 59 0 8 1.356967
59 65 0 8 1.350962
1 16 0 8 1.350152
35 68 0 8 1.346341
13 82 0 8 1.346184
23 55 0 8 1.344941
2 56 0 8 1.341314
25 38 0 8 1.340037
51 72 0 8 1.335195
47 55 0 8 1.331558
5 61 0 8 1.322594
3 32 0 8 1.319075
49 75 0 8 1.318441
3 49 0 8 1.317443
42 57 0 8 1.316418
26 68 0 8 1.312108
6 17 0 8 1.311654
16 59 0 8 1.306461
50 55 0 8 1.303753
18 58 0 8 1.301985
27 43 0 8 1.301979
3 42 0 8 1.298851
38 57 0 8 1.297066
10 32 0 8 1.293808
13 69 0 8 1.288540
4 28 0 8 1.287637
6 75 0 8 1.284974
22 64 0 8 1.284624
25 53 0 8 1.284391
60 79 0 8 1.283963
24 75 0 8 1.282407
3 9 0 8 1.280663
20 45 0 8 1.277365
48 62 0 8 1.276788
49 57 0 8 1.274788
34 56 0 8 1.271233
20 38 0 8 1.270854
2 79 0 8 1.267036
21 44 0 8 1.265617
30 71 0 8 1.262895
3 81 0 8 1.253453
18 52 0 8 1.246689
43 71 0 8 1.246506
3 60 0 8 1.244522
32 52 0 8 1.243554
28 76 0 8 1.240323
21 41 0 8 1.239998
21 53 0 8 1.238335
5 34 0 8 1.236884
4 80 0 8 1.235829
57 77 0 8 1.233956
19 41 0 8 1.232772
35 65 0 8 1.231123
20 77 0 8 1.230258
11 16 0 8 1.226347
57 75 0 8 1.226221
13 25 0 8 1.225042
38 68 0 8 1.223860
27 74 0 8 1.221177
19 26 0 8 1.220705
29 35 0 8 1.217706
25 37 0 8 1.211990
27 61 0 8 1.207069
59 72 0 8 1.206849
51 70 0 8 1.206819
7 59 0 8 1.206392
47 62 0 8 1.205773
25 43 0 8 1.202909
36 77 0 8 1.201456
8 15 0 8 1.199764
53 63 0 8 1.190945
44 56 0 8 1.190505
32 63 0 8 1.189314
52 70 0 8 1.188106
27 78 0 8 1.188039
3 48 0 8 1.183591
2 59 0 8 1.181463
28 77 0 8 1.181421
7 25 0 8 1.179872
14 25 0 8 1.178763
52 61 0 8 1.173564
47 61 0 8 1.173418
26 64 0 8 1.172872
71 81 0 8 1.167842
55 64 0 8 1.165214
1 33 0 8 1.164745
7 31 0 8 1.153522
16 81 0 8 1.152634
14 64 0 8 1.151672
75 84 0 8 1.149617
11 69 0 8 1.149238
26 60 0 8 1.146549
6 62 0 8 1.142615
20 62 0 8 1.141024
5 15 0 8 1.135622
48 54 0 8 1.133799
6 41 0 8 1.133103
24 51 0 8 1.128794
23 44 0 8 1.127575
13 32 0 8 1.125645
41 68 0 8 1.124627
27 34 0 8 1.123722
29 76 0 8 1.123119
57 63 0 8 1.117424
45 68 0 8 1.113385
29 46 0 8 1.111664
56 73 0 8 1.111016
43 64 0 8 1.110710
59 74 0 8 1.109331
75 82 0 8 1.108061
45 55 0 8 1.107646
14 35 0 8 1.102440
60 81 0 8 1.101270
20 54 0 8 1.099024
43 80 0 8 1.094382
8 60 0 8 1.092415
39 65 0 8 1.090177
14 37 0 8 1.084148
48 57 0 8 1.084033
65 73 0 8 1.083249
40 77 0 8 1.083155
41 78 0 8 1.082369
45 60 0 8 1.078054
14 23 0 8 1.076721
20 68 0 8 1.073487
74 79 0 8 1.072265
4 26 0 8 1.070114
5 39 0 8 1.069447
27 81 0 8 1.068577
16 58 0 8 1.068233
32 50 0 8 1.067691
39 51 0 8 1.064227
27 46 0 8 1.062303
53 65 0 8 1.059133
13 81 0 8 1.057103
15 82 0 8 1.055216
3 11 0 8 1.055022
51 73 0 8 1.053408
23 70 0 8 1.044967
13 60 0 8 1.043070
10 16 0 8 1.042874
2 34 0 8 1.041703
50 68 0 8 1.039728
40 51 0 8 1.037911
19 50 0 8 1.031069
41 57 0 8 1.029314
4 24 0 8 1.028204
22 65 0 8 1.028174
2 50 0 8 1.025266
24 69 0 8 1.021345
21 34 0 8 1.021229
36 48 0 8 1.019610
33 89 0 8 1.015556
30 73 0 8 1.013302
1 81 0 8 1.011158
18 66 0 8 1.010724
17 42 0 8 1.009801
56 61 0 8 1.009577
20 67 0 8 1.008482
13 24 0 8 1.007989
5 13 0 8 1.007782
40 80 0 8 1.004864
2 11 0 8 1.001598
32 72 0 8 0.999943
20 30 0 8 0.997053
25 75 0 8 0.991647
56 65 0 8 0.991191
64 77 0 8 0.989982
35 67 0 8 0.985299
15 32 0 8 0.984784
78 83 0 8 0.982377
19 55 0 8 0.981998
33 88 0 8 0.981049
33 87 0 8 0.981045
33 86 0 8 0.981045
16 37 0 8 0.979838
3 24 0 8 0.979146
66 73 0 8 0.977665
12 58 0 8 0.973498
16 54 0 8 0.971828
30 50 0 8 0.971339
34 53 0 8 0.970531
31 36 0 8 0.970412
12 61 0 8 0.969792
7 72 0 8 0.961607
66 71 0 8 0.956704
3 56 0 8 0.956659
12 52 0 8 0.956225
7 69 0 8 0.954072
16 44 0 8 0.952860
40 52 0 8 0.952231
27 53 0 8 0.947823
1 8 0 8 0.944097
4 34 0 8 0.943587
37 62 0 8 0.939119
18 68 0 8 0.933832
31 55 0 8 0.931723
22 33 0 8 0.931558
4 83 0 8 0.931436
38 63 0 8 0.931126
12 41 0 8 0.928738
11 22 0 8 0.923744
2 14 0 8 0.923485
8 34 0 8 0.921250
68 76 0 8 0.920866
34 70 0 8 0.920369
2 80 0 8 0.919345
31 73 0 8 0.919322
30 72 0 8 0.917460
13 41 0 8 0.915996
63 72 0 8 0.914483
20 40 0 8 0.912911
1 6 0 8 0.910605
32 62 0 8 0.902823
37 65 0 8 0.901855
4 77 0 8 0.895759
40 62 0 8 0.895411
26 74 0 8 0.895286
8 37 0 8 0.894289
39 63 0 8 0.891609
65 80 0 8 0.890269
27 52 0 8 0.889894
59 75 0 8 0.889265
20 31 0 8 0.886403
6 43 0 8 0.877139
9 54 0 8 0.877050
19 77 0 8 0.874010
42 75 0 8 0.873923
44 60 0 8 0.873634
41 60 0 8 0.870876
44 53 0 8 0.870564
10 76 0 8 0.868721
42 78 0 8 0.867678
23 56 0 8 0.864097
8 30 0 8 0.861356
15 33 0 8 0.861206
12 28 0 8 0.860449
13 27 0 8 0.859938
4 81 0 8 0.856753
5 19 0 8 0.855889
70 83 0 8 0.852823
13 63 0 8 0.851593
63 81 0 8 0.851512
30 65 0 8 0.850973
44 70 0 8 0.849576
4 62 0 8 0.849306
10 38 0 8 0.848678
77 82 0 8 0.848353
42 49 0 8 0.846629
63 75 0 8 0.846394
40 61 0 8 0.845289
52 59 0 8 0.844418
27 68 0 8 0.843369
10 52 0 8 0.840590
1 37 0 8 0.830910
59 82 0 8 0.830857
10 53 0 8 0.830814
23 71 0 8 0.830490
44 78 0 8 0.828181
27 42 0 8 0.827542
44 72 0 8 0.825140
19 66 0 8 0.824336
2 38 0 8 0.823467
65 77 0 8 0.821448
37 45 0 8 0.818421
53 74 0 8 0.818248
21 64 0 8 0.816784
51 63 0 8 0.814639
30 70 0 8 0.814228
23 80 0 8 0.813618
35 69 0 8 0.813199
3 44 0 8 0.809148
12 76 0 8 0.808516
9 30 0 8 0.807967
15 30 0 8 0.807075
19 67 0 8 0.806059
26 52 0 8 0.804481
8 78 0 8 0.803341
29 71 0 8 0.802449
2 30 0 8 0.802322
10 42 0 8 0.801421
29 79 0 8 0.800850
21 77 0 8 0.797329
41 76 0 8 0.792457
4 58 0 8 0.792121
49 63 0 8 0.790631
16 78 0 8 0.790446
33 84 0 8 0.785731
49 58 0 8 0.783023
16 69 0 8 0.781962
48 67 0 8 0.781904
35 71 0 8 0.781423
52 81 0 8 0.776339
21 59 0 8 0.773793
37 71 0 8 0.770326
20 69 0 8 0.763809
28 52 0 8 0.762008
50 64 0 8 0.761144
3 54 0 8 0.757373
10 50 0 8 0.756686
55 74 0 8 0.754435
27 55 0 8 0.748794
56 81 0 8 0.744265
12 29 0 8 0.742084
1 69 0 8 0.739728
7 47 0 8 0.739540
11 29 0 8 0.736188
13 80 0 8 0.734162
33 85 0 8 0.733864
34 44 0 8 0.733032
64 79 0 8 0.729859
12 82 0 8 0.728349
39 55 0 8 0.726127
77 85 0 8 0.725814
68 81 0 8 0.724005
32 51 0 8 0.722593
7 30 0 8 0.722250
22 79 0 8 0.719655
30 48 0 8 0.718950
73 83 0 8 0.718279
26 50 0 8 0.718183
3 69 0 8 0.718170
11 80 0 8 0.718126
5 76 0 8 0.716919
35 79 0 8 0.715571
7 12 0 8 0.715512
11 50 0 8 0.711650
67 83 0 8 0.710308
41 82 0 8 0.708617
34 39 0 8 0.703515
54 66 0 8 0.702543
62 76 0 8 0.700742
19 46 0 8 0.700556
6 46 0 8 0.696718
19 61 0 8 0.695084
13 26 0 8 0.693682
34 57 0 8 0.687656
46 67 0 8 0.686381
27 36 0 8 0.685786
25 71 0 8 0.685650
26 82 0 8 0.684546
47 73 0 8 0.680006
15 75 0 8 0.679927
28 34 0 8 0.679876
7 35 0 8 0.677409
12 26 0 8 0.672828
2 76 0 8 0.671679
42 84 0 8 0.669173
64 74 0 8 0.667836
40 49 0 8 0.666549
28 69 0 8 0.666084
33 79 0 8 0.665937
3 23 0 8 0.662103
1 41 0 8 0.661535
41 67 0 8 0.660598
59 66 0 8 0.658959
45 52 0 8 0.658896
67 81 0 8 0.654511
2 7 0 8 0.651587
20 43 0 8 0.651080
1 45 0 8 0.649532
44 66 0 8 0.649283
14 38 0 8 0.648515
13 76 0 8 0.648457
6 48 0 8 0.647157
14 59 0 8 0.646186
59 85 0 8 0.644194
26 69 0 8 0.643666
21 47 0 8 0.642178
26 39 0 8 0.641691
38 43 0 8 0.637919
44 57 0 8 0.637914
18 64 0 8 0.637210
23 65 0 8 0.637072
15 28 0 8 0.635388
2 17 0 8 0.634100
69 82 0 8 0.632778
29 82 0 8 0.630156
49 64 0 8 0.628900
46 55 0 8 0.627178
11 77 0 8 0.627171
39 50 0 8 0.625813
27 63 0 8 0.624746
70 84 0 8 0.623968
45 56 0 8 0.621863
10 68 0 8 0.621336
49 56 0 8 0.618085
11 76 0 8 0.616244
62 74 0 8 0.613663
19 37 0 8 0.612011
10 51 0 8 0.610247
52 64 0 8 0.608725
26 75 0 8 0.607641
57 79 0 8 0.607035
24 70 0 8 0.604351
9 28 0 8 0.599189
57 80 0 8 0.599043
16 70 0 8 0.593351
20 60 0 8 0.592042
66 77 0 8 0.590639
15 59 0 8 0.589011
9 68 0 8 0.588271
45 61 0 8 0.587765
18 81 0 8 0.587654
33 83 0 8 0.586002
44 65 0 8 0.585778
9 15 0 8 0.577971
8 26 0 8 0.573714
10 58 0 8 0.572435
16 25 0 8 0.572425
55 83 0 8 0.570541
46 84 0 8 0.569540
2 75 0 8 0.568897
11 58 0 8 0.568342
14 65 0 8 0.565231
13 73 0 8 0.563165
22 78 0 8 0.559793
18 65 0 8 0.559688
9 80 0 8 0.557259
28 55 0 8 0.557036
28 59 0 8 0.554499
58 85 0 8 0.553690
31 51 0 8 0.551973
28 71 0 8 0.551603
15 69 0 8 0.551556
5 10 0 8 0.549548
50 62 0 8 0.547674
36 75 0 8 0.547405
8 89 0 8 0.546018
45 64 0 8 0.545981
25 55 0 8 0.545633
9 49 0 8 0.544606
9 26 0 8 0.541172
62 78 0 8 0.540935
7 60 0 8 0.536947
7 78 0 8 0.535166
58 73 0 8 0.532992
41 65 0 8 0.532869
35 60 0 8 0.531447
57 65 0 8 0.525916
28 75 0 8 0.524919
71 79 0 8 0.521479
11 40 0 8 0.518889
45 62 0 8 0.518111
25 58 0 8 0.518093
1 21 0 8 0.517520
8 88 0 8 0.515671
8 86 0 8 0.515664
8 87 0 8 0.515653
22 81 0 8 0.515628
9 83 0 8 0.514957
30 41 0 8 0.514432
29 49 0 8 0.512438
17 76 0 8 0.511934
1 18 0 8 0.511715
7 22 0 8 0.511542
34 77 0 8 0.508216
9 38 0 8 0.507287
42 62 0 8 0.503372
11 61 0 8 0.503367
30 45 0 8 0.503029
53 60 0 8 0.501501
66 83 0 8 0.499527
6 27 0 8 0.497682
3 72 0 8 0.497270
4 49 0 8 0.496868
20 44 0 8 0.496209
43 83 0 8 0.495852
3 59 0 8 0.494325
6 13 0 8 0.491720
46 75 0 8 0.488572
13 21 0 8 0.488503
28 84 0 8 0.488387
29 67 0 8 0.488360
14 27 0 8 0.487545
32 56 0 8 0.487171
29 68 0 8 0.486683
28 72 0 8 0.484300
23 61 0 8 0.483484
22 52 0 8 0.479166
36 78 0 8 0.478702
52 71 0 8 0.478570
14 71 0 8 0.478374
54 59 0 8 0.475507
5 53 0 8 0.475431
23 82 0 8 0.475151
19 81 0 8 0.474024
27 58 0 8 0.472093
17 57 0 8 0.472083
9 31 0 8 0.466643
17 33 0 8 0.465657
55 61 0 8 0.465185
77 84 0 8 0.464289
19 82 0 8 0.462607
26 62 0 8 0.461246
19 79 0 8 0.460481
56 64 0 8 0.459959
77 83 0 8 0.459117
21 65 0 8 0.457523
15 64 0 8 0.457170
2 15 0 8 0.457061
31 46 0 8 0.456418
14 66 0 8 0.454177
17 70 0 8 0.453124
32 42 0 8 0.452642
65 72 0 8 0.451829
58 65 0 8 0.450915
10 41 0 8 0.449247
34 69 0 8 0.447721
76 84 0 8 0.445324
18 28 0 8 0.441753
1 25 0 8 0.441741
12 34 0 8 0.436014
31 72 0 8 0.435703
64 69 0 8 0.435097
9 25 0 8 0.434403
23 35 0 8 0.431746
4 40 0 8 0.431716
45 80 0 8 0.431709
2 29 0 8 0.431087
69 81 0 8 0.430309
30 67 0 8 0.429952
25 52 0 8 0.429184
25 74 0 8 0.427861
70 79 0 8 0.426797
11 53 0 8 0.426335
22 82 0 8 0.425544
49 82 0 8 0.423889
53 81 0 8 0.419896
18 77 0 8 0.419596
32 37 0 8 0.419055
23 59 0 8 0.416455
6 50 0 8 0.415669
79 85 0 8 0.414955
68 79 0 8 0.414528
67 82 0 8 0.412040
63 84 0 8 0.411573
71 80 0 8 0.411558
17 53 0 8 0.408445
1 28 0 8 0.406174
21 57 0 8 0.403744
38 83 0 8 0.403506
38 44 0 8 0.402318
7 77 0 8 0.399695
1 20 0 8 0.398717
17 47 0 8 0.398249
59 79 0 8 0.397789
20 80 0 8 0.397567
2 20 0 8 0.396682
10 30 0 8 0.394525
2 27 0 8 0.393254
4 27 0 8 0.391851
36 67 0 8 0.391486
1 14 0 8 0.390914
2 65 0 8 0.390689
31 41 0 8 0.390309
36 71 0 8 0.388538
29 40 0 8 0.385098
4 67 0 8 0.384445
26 31 0 8 0.376968
30 53 0 8 0.375978
2 25 0 8 0.374858
17 59 0 8 0.373041
15 68 0 8 0.372888
13 53 0 8 0.372730
22 85 0 8 0.372634
5 11 0 8 0.372069
7 74 0 8 0.371428
9 27 0 8 0.371187
7 15 0 8 0.369054
4 69 0 8 0.369021
8 84 0 8 0.364613
6 73 0 8 0.362457
27 64 0 8 0.362175
9 67 0 8 0.360815
1 19 0 8 0.359662
39 72 0 8 0.358946
46 59 0 8 0.358272
16 41 0 8 0.356601
39 80 0 8 0.355853
9 18 0 8 0.355824
48 53 0 8 0.355734
8 85 0 8 0.355195
53 67 0 8 0.354515
11 33 0 8 0.352459
6 83 0 8 0.351933
28 70 0 8 0.350824
4 25 0 8 0.350663
29 58 0 8 0.349372
18 71 0 8 0.346357
8 62 0 8 0.346333
23 84 0 8 0.343912
34 51 0 8 0.343743
53 80 0 8 0.343286
17 66 0 8 0.342383
59 76 0 8 0.340638
65 81 0 8 0.338902
37 42 0 8 0.337021
56 84 0 8 0.336176
24 80 0 8 0.336138
70 85 0 8 0.336034
4 64 0 8 0.335082
76 83 0 8 0.334703
19 74 0 8 0.334510
27 66 0 8 0.333613
6 35 0 8 0.333153
13 37 0 8 0.332620
69 84 0 8 0.331933
9 69 0 8 0.331761
10 60 0 8 0.329146
25 50 0 8 0.329115
42 47 0 8 0.328132
15 67 0 8 0.327153
17 46 0 8 0.325544
10 62 0 8 0.322796
30 47 0 8 0.322226
1 36 0 8 0.321903
5 40 0 8 0.321605
8 27 0 8 0.321501
31 40 0 8 0.320776
29 36 0 8 0.318975
18 84 0 8 0.318728
11 71 0 8 0.317081
24 47 0 8 0.316105
16 64 0 8 0.314171
27 33 0 8 0.311109
8 29 0 8 0.307303
45 75 0 8 0.305881
29 83 0 8 0.303058
26 83 0 8 0.300593
47 65 0 8 0.298692
7 70 0 8 0.297492
32 68 0 8 0.297239
7 27 0 8 0.297015
8 22 0 8 0.296240
24 42 0 8 0.292960
9 57 0 8 0.292817
28 56 0 8 0.292751
5 27 0 8 0.289600
66 81 0 8 0.289240
19 27 0 8 0.286661
13 18 0 8 0.286480
42 71 0 8 0.284919
28 82 0 8 0.283785
1 77 0 8 0.281276
18 23 0 8 0.281083
11 34 0 8 0.280525
38 82 0 8 0.278969
49 66 0 8 0.277277
74 85 0 8 0.277204
66 85 0 8 0.276424
33 78 0 8 0.275954
1 46 0 8 0.275201
15 63 0 8 0.274745
12 45 0 8 0.273957
23 67 0 8 0.270057
21 32 0 8 0.270052
37 85 0 8 0.268754
59 81 0 8 0.268014
4 38 0 8 0.266042
3 76 0 8 0.264050
21 43 0 8 0.263831
43 63 0 8 0.263371
4 85 0 8 0.260463
29 61 0 8 0.257903
12 85 0 8 0.257711
80 85 0 8 0.257655
48 81 0 8 0.256610
3 40 0 8 0.256358
20 52 0 8 0.255779
23 78 0 8 0.253289
55 80 0 8 0.253033
23 75 0 8 0.251827
1 9 0 8 0.251663
31 89 0 8 0.251395
46 53 0 8 0.250309
22 28 0 8 0.249286
8 47 0 8 0.248589
8 83 0 8 0.247850
14 54 0 8 0.244768
33 56 0 8 0.244692
9 51 0 8 0.244066
9 16 0 8 0.243819
4 33 0 8 0.243372
26 41 0 8 0.243175
43 50 0 8 0.243144
79 84 0 8 0.242832
11 25 0 8 0.242407
39 64 0 8 0.242151
23 46 0 8 0.241776
12 37 0 8 0.239828
44 75 0 8 0.239055
25 78 0 8 0.236984
66 74 0 8 0.236838
21 52 0 8 0.236063
20 71 0 8 0.235521
72 85 0 8 0.235320
33 62 0 8 0.235210
15 80 0 8 0.233921
33 82 0 8 0.233370
55 71 0 8 0.232995
45 69 0 8 0.232014
34 50 0 8 0.231545
52 80 0 8 0.230295
12 53 0 8 0.229858
10 26 0 8 0.229615
14 52 0 8 0.229435
45 67 0 8 0.228724
3 79 0 8 0.227990
55 79 0 8 0.227740
64 85 0 8 0.226709
14 75 0 8 0.226605
5 33 0 8 0.225055
19 49 0 8 0.223870
1 67 0 8 0.223097
31 88 0 8 0.220030
31 86 0 8 0.220021
31 87 0 8 0.220016
17 77 0 8 0.218775
16 49 0 8 0.218222
36 56 0 8 0.216823
33 47 0 8 0.216741
37 77 0 8 0.216423
25 35 0 8 0.216320
55 78 0 8 0.215732
8 51 0 8 0.214799
43 85 0 8 0.214416
38 84 0 8 0.213560
15 46 0 8 0.212407
82 87 0 8 0.211758
82 88 0 8 0.211758
32 64 0 8 0.211021
42 74 0 8 0.210283
1 70 0 8 0.209791
68 87 0 8 0.208196
68 86 0 8 0.208196
68 88 0 8 0.208195
41 51 0 8 0.207225
12 27 0 8 0.207076
19 56 0 8 0.206532
65 75 0 8 0.206198
35 74 0 8 0.205628
17 51 0 8 0.205399
62 72 0 8 0.204754
10 85 0 8 0.204744
54 85 0 8 0.202335
74 84 0 8 0.201759
52 63 0 8 0.201425
39 81 0 8 0.201303
1 63 0 8 0.200459
22 83 0 8 0.198223
61 87 0 8 0.194965
61 88 0 8 0.194964
61 86 0 8 0.194964
36 62 0 8 0.194796
10 69 0 8 0.192318
61 69 0 8 0.191384
6 53 0 8 0.190903
35 75 0 8 0.189665
20 79 0 8 0.189339
28 60 0 8 0.189154
54 62 0 8 0.187072
20 87 0 8 0.186757
20 86 0 8 0.186757
20 88 0 8 0.186757
2 21 0 8 0.185650
18 44 0 8 0.181978
55 66 0 8 0.181777
59 83 0 8 0.177843
44 87 0 8 0.177031
44 86 0 8 0.177031
44 88 0 8 0.177030
2 41 0 8 0.173665
17 23 0 8 0.173260
2 82 0 8 0.173021
13 54 0 8 0.172113
26 49 0 8 0.172110
36 84 0 8 0.170094
54 67 0 8 0.167630
11 21 0 8 0.167547
43 72 0 8 0.167537
50 84 0 8 0.167026
15 78 0 8 0.166616
22 27 0 8 0.164313
3 58 0 8 0.163627
2 58 0 8 0.163328
59 84 0 8 0.158212
49 85 0 8 0.157211
8 18 0 8 0.155822
42 59 0 8 0.154878
7 51 0 8 0.154862
10 43 0 8 0.154654
31 60 0 8 0.154105
2 32 0 8 0.153790
69 79 0 8 0.152109
58 66 0 8 0.151332
57 85 0 8 0.150188
6 77 0 8 0.148483
22 32 0 8 0.146294
15 56 0 8 0.143835
47 71 0 8 0.142743
40 84 0 8 0.141723
46 66 0 8 0.141514
45 72 0 8 0.141240
5 83 0 8 0.140373
15 83 0 8 0.140042
5 80 0 8 0.136661
4 21 0 8 0.135690
81 87 0 8 0.132551
81 86 0 8 0.132551
81 88 0 8 0.132550
21 72 0 8 0.132253
35 55 0 8 0.131669
12 68 0 8 0.130642
50 66 0 8 0.129862
47 63 0 8 0.129159
42 55 0 8 0.128240
57 82 0 8 0.128019
48 85 0 8 0.126085
37 70 0 8 0.125768
66 82 0 8 0.125121
26 66 0 8 0.125041
53 77 0 8 0.124865
31 78 0 8 0.124086
2 26 0 8 0.124070
24 74 0 8 0.120310
24 73 0 8 0.119791
13 64 0 8 0.118791
31 68 0 8 0.118764
13 44 0 8 0.117576
2 86 0 8 0.116900
2 87 0 8 0.116900
2 88 0 8 0.116899
11 31 0 8 0.116385
22 66 0 8 0.115514
7 79 0 8 0.114528
74 82 0 8 0.114333
10 64 0 8 0.114131
60 83 0 8 0.112000
47 77 0 8 0.110535
29 72 0 8 0.109780
40 83 0 8 0.108790
39 70 0 8 0.108503
49 83 0 8 0.107924
48 79 0 8 0.107774
19 68 0 8 0.104754
58 67 0 8 0.104122
28 79 0 8 0.103702
12 31 0 8 0.103668
43 73 0 8 0.102606
12 55 0 8 0.102545
42 87 0 8 0.102201
42 86 0 8 0.102200
42 88 0 8 0.102200
18 33 0 8 0.102142
31 69 0 8 0.101871
1 42 0 8 0.101506
1 62 0 8 0.100741
40 66 0 8 0.100331
31 85 0 8 0.099855
9 24 0 8 0.098191
15 74 0 8 0.097631
5 16 0 8 0.097446
28 63 0 8 0.097157
50 77 0 8 0.096579
12 57 0 8 0.092857
61 85 0 8 0.092028
8 55 0 8 0.090326
66 76 0 8 0.090248
64 71 0 8 0.089541
26 77 0 8 0.087937
43 61 0 8 0.086528
46 74 0 8 0.085913
4 52 0 8 0.085396
8 39 0 8 0.083272
4 46 0 8 0.082822
28 42 0 8 0.082548
37 52 0 8 0.082314
11 70 0 8 0.081635
4 19 0 8 0.080957
23 54 0 8 0.080340
9 84 0 8 0.080293
24 81 0 8 0.080106
16 24 0 8 0.080092
10 45 0 8 0.079981
52 62 0 8 0.079092
28 85 0 8 0.078402
41 85 0 8 0.078096
50 74 0 8 0.077773
17 84 0 8 0.077150
13 68 0 8 0.074404
31 84 0 8 0.073896
28 64 0 8 0.073226
50 87 0 8 0.071762
50 86 0 8 0.071762
50 88 0 8 0.071762
36 80 0 8 0.071298
2 19 0 8 0.067107
5 20 0 8 0.065948
4 11 0 8 0.064515
7 71 0 8 0.061029
11 78 0 8 0.058987
44 59 0 8 0.058859
27 45 0 8 0.058545
19 30 0 8 0.057848
12 84 0 8 0.054707
72 79 0 8 0.053782
11 19 0 8 0.053524
62 79 0 8 0.051506
32 85 0 8 0.051202
6 84 0 8 0.050905
33 66 0 8 0.050505
25 82 0 8 0.047845
24 87 0 8 0.046295
24 86 0 8 0.046295
24 88 0 8 0.046295
9 22 0 8 0.045857
15 85 0 8 0.043647
8 75 0 8 0.043028
48 72 0 8 0.041722
70 78 0 8 0.040277
52 79 0 8 0.039333
17 74 0 8 0.037287
17 65 0 8 0.035632
32 58 0 8 0.035510
17 49 0 8 0.034787
69 87 0 8 0.032595
69 86 0 8 0.032595
69 88 0 8 0.032595
57 64 0 8 0.032094
27 76 0 8 0.029444
13 56 0 8 0.029114
25 77 0 8 0.029013
4 66 0 8 0.027994
37 78 0 8 0.027832
41 74 0 8 0.027028
34 79 0 8 0.026648
30 51 0 8 0.025686
38 76 0 8 0.025410
8 82 0 8 0.024950
54 60 0 8 0.024894
40 58 0 8 0.024840
5 85 0 8 0.024832
1 44 0 8 0.022819
2 18 0 8 0.021629
5 73 0 8 0.020534
5 70 0 8 0.020508
30 57 0 8 0.019677
69 85 0 8 0.019116
7 54 0 8 0.017583
7 75 0 8 0.017166
8 79 0 8 0.017023
36 41 0 8 0.016316
18 63 0 8 0.016127
14 61 0 8 0.016111
4 29 0 8 0.016036
54 72 0 8 0.015381
13 75 0 8 0.014480
10 15 0 8 0.014067
5 46 0 8 0.013629
73 85 0 8 0.013532
69 78 0 8 0.009494
63 87 0 8 0.008583
63 86 0 8 0.008583
63 88 0 8 0.008583
37 54 0 8 0.007995
20 33 0 8 0.007612
12 72 0 8 0.006877
11 84 0 8 0.001941
26 51 0 8 0.000566
31 83 0 8 0.000457
54 84 0 8 0.000157
6 30 0 8 0.000124
37 44 0 8 -0.000255
38 85 0 8 -0.000492
13 83 0 8 -0.000992
13 72 0 8 -0.003169
7 53 0 8 -0.003518
42 85 0 8 -0.004699
46 83 0 8 -0.005283
65 87 0 8 -0.006935
65 86 0 8 -0.006935
65 88 0 8 -0.006935
16 34 0 8 -0.007147
49 65 0 8 -0.007795
33 81 0 8 -0.010018
34 80 0 8 -0.010423
41 73 0 8 -0.011258
40 68 0 8 -0.011530
15 31 0 8 -0.012624
37 73 0 8 -0.012735
1 61 0 8 -0.014467
23 79 0 8 -0.015453
11 46 0 8 -0.016268
19 70 0 8 -0.017654
26 35 0 8 -0.017832
71 83 0 8 -0.018036
1 74 0 8 -0.019022
41 84 0 8 -0.020037
15 58 0 8 -0.020625
36 45 0 8 -0.021022
29 50 0 8 -0.021391
41 79 0 8 -0.023063
4 61 0 8 -0.023105
43 84 0 8 -0.024958
19 43 0 8 -0.026353
54 74 0 8 -0.026800
1 22 0 8 -0.026905
34 72 0 8 -0.027601
73 87 0 8 -0.027627
73 86 0 8 -0.027627
73 88 0 8 -0.027628
24 84 0 8 -0.028304
11 82 0 8 -0.028548
31 62 0 8 -0.029062
2 52 0 8 -0.029261
38 80 0 8 -0.029412
76 85 0 8 -0.029937
52 85 0 8 -0.031153
5 49 0 8 -0.031883
7 63 0 8 -0.031933
1 52 0 8 -0.032790
1 55 0 8 -0.032842
21 84 0 8 -0.033287
41 80 0 8 -0.033613
28 83 0 8 -0.033817
18 76 0 8 -0.035456
70 87 0 8 -0.036278
70 86 0 8 -0.036278
70 88 0 8 -0.036279
73 79 0 8 -0.038102
5 47 0 8 -0.038378
6 31 0 8 -0.038385
41 81 0 8 -0.039883
30 83 0 8 -0.040162
21 28 0 8 -0.042330
42 82 0 8 -0.042668
13 84 0 8 -0.043280
44 62 0 8 -0.044406
30 75 0 8 -0.045646
23 43 0 8 -0.046295
1 7 0 8 -0.047065
1 31 0 8 -0.047306
26 40 0 8 -0.049355
3 46 0 8 -0.050390
76 87 0 8 -0.050995
76 86 0 8 -0.050995
76 88 0 8 -0.050995
55 87 0 8 -0.051736
55 86 0 8 -0.051737
55 88 0 8 -0.051737
1 23 0 8 -0.052728
48 86 0 8 -0.053961
48 87 0 8 -0.053961
48 88 0 8 -0.053961
1 80 0 8 -0.055273
3 8 0 8 -0.055377
9 46 0 8 -0.055849
29 70 0 8 -0.058234
12 83 0 8 -0.059396
46 85 0 8 -0.063769
30 40 0 8 -0.063810
58 83 0 8 -0.063819
3 16 0 8 -0.063824
11 57 0 8 -0.065150
39 87 0 8 -0.065397
39 86 0 8 -0.065397
39 88 0 8 -0.065397
35 80 0 8 -0.066096
25 34 0 8 -0.066851
12 25 0 8 -0.068227
54 87 0 8 -0.070190
54 86 0 8 -0.070191
54 88 0 8 -0.070191
51 60 0 8 -0.070435
21 83 0 8 -0.071060
41 61 0 8 -0.072321
24 49 0 8 -0.072996
15 52 0 8 -0.073345
64 81 0 8 -0.073667
40 87 0 8 -0.073729
40 86 0 8 -0.073729
40 88 0 8 -0.073729
43 87 0 8 -0.074922
43 86 0 8 -0.074923
43 88 0 8 -0.074923
16 83 0 8 -0.076294
1 50 0 8 -0.076761
16 85 0 8 -0.077982
28 62 0 8 -0.079036
39 56 0 8 -0.081128
14 19 0 8 -0.081429
62 81 0 8 -0.082447
7 41 0 8 -0.083141
36 54 0 8 -0.083631
15 36 0 8 -0.083886
63 69 0 8 -0.084793
7 18 0 8 -0.085975
39 79 0 8 -0.086935
58 64 0 8 -0.087486
5 41 0 8 -0.090303
49 84 0 8 -0.091183
31 37 0 8 -0.091968
9 45 0 8 -0.092886
19 71 0 8 -0.093313
37 66 0 8 -0.093677
42 80 0 8 -0.094456
5 77 0 8 -0.094753
1 47 0 8 -0.095638
47 79 0 8 -0.097127
11 49 0 8 -0.097347
1 11 0 8 -0.097815
62 85 0 8 -0.097957
22 31 0 8 -0.097975
12 30 0 8 -0.098172
71 82 0 8 -0.098658
15 25 0 8 -0.098725
32 39 0 8 -0.100173
7 62 0 8 -0.101277
46 54 0 8 -0.102592
36 50 0 8 -0.102998
7 23 0 8 -0.103772
15 37 0 8 -0.104800
8 56 0 8 -0.105714
64 84 0 8 -0.108523
45 58 0 8 -0.108647
26 53 0 8 -0.109706
9 59 0 8 -0.110987
35 63 0 8 -0.111165
52 84 0 8 -0.112169
70 81 0 8 -0.113213
8 19 0 8 -0.114368
8 17 0 8 -0.114373
11 26 0 8 -0.114577
7 26 0 8 -0.114738
40 82 0 8 -0.115258
45 84 0 8 -0.115823
7 68 0 8 -0.115995
31 54 0 8 -0.116424
17 38 0 8 -0.116953
12 69 0 8 -0.118428
55 85 0 8 -0.119340
2 39 0 8 -0.119398
16 48 0 8 -0.120843
8 81 0 8 -0.121083
33 39 0 8 -0.121723
7 34 0 8 -0.121955
7 43 0 8 -0.122107
45 85 0 8 -0.122693
53 76 0 8 -0.123401
3 78 0 8 -0.124140
11 30 0 8 -0.126170
72 84 0 8 -0.126254
1 76 0 8 -0.128482
41 52 0 8 -0.128798
4 13 0 8 -0.128916
14 74 0 8 -0.129813
35 81 0 8 -0.130082
12 81 0 8 -0.132863
57 83 0 8 -0.133628
68 82 0 8 -0.134441
26 79 0 8 -0.138185
21 48 0 8 -0.138527
72 80 0 8 -0.139208
21 60 0 8 -0.140521
3 29 0 8 -0.141192
78 85 0 8 -0.145885
13 61 0 8 -0.147492
53 83 0 8 -0.148327
20 84 0 8 -0.148353
26 44 0 8 -0.149604
4 63 0 8 -0.150118
9 35 0 8 -0.150416
66 84 0 8 -0.151087
30 54 0 8 -0.153594
26 84 0 8 -0.153795
60 84 0 8 -0.155031
33 65 0 8 -0.157397
35 77 0 8 -0.159642
34 47 0 8 -0.160977
61 71 0 8 -0.162570
52 82 0 8 -0.163302
10 56 0 8 -0.163479
26 78 0 8 -0.165027
55 76 0 8 -0.165535
35 66 0 8 -0.166486
44 69 0 8 -0.167427
51 83 0 8 -0.167715
46 82 0 8 -0.167848
67 78 0 8 -0.169481
76 81 0 8 -0.172182
31 65 0 8 -0.173426
19 53 0 8 -0.174044
13 22 0 8 -0.174850
26 46 0 8 -0.174898
30 82 0 8 -0.175196
31 48 0 8 -0.175292
3 80 0 8 -0.175382
12 35 0 8 -0.177043
1 66 0 8 -0.179359
63 79 0 8 -0.180803
6 47 0 8 -0.181196
65 70 0 8 -0.181343
38 75 0 8 -0.181625
45 79 0 8 -0.183288
30 60 0 8 -0.183292
62 80 0 8 -0.184257
34 83 0 8 -0.184345
26 47 0 8 -0.185616
8 36 0 8 -0.187839
26 63 0 8 -0.187914
11 27 0 8 -0.189163
55 75 0 8 -0.189438
31 45 0 8 -0.190005
35 47 0 8 -0.190263
1 34 0 8 -0.191460
11 17 0 8 -0.191710
7 40 0 8 -0.193001
12 80 0 8 -0.193669
13 59 0 8 -0.195106
65 84 0 8 -0.195608
31 82 0 8 -0.195804
72 81 0 8 -0.196087
6 85 0 8 -0.196940
22 73 0 8 -0.197482
64 80 0 8 -0.197579
48 83 0 8 -0.197728
3 27 0 8 -0.198709
37 82 0 8 -0.198758
39 85 0 8 -0.199066
14 45 0 8 -0.199763
11 83 0 8 -0.200247
29 81 0 8 -0.203523
20 55 0 8 -0.203560
2 53 0 8 -0.203883
51 59 0 8 -0.203994
16 80 0 8 -0.204236
3 65 0 8 -0.205164
5 26 0 8 -0.206913
22 29 0 8 -0.207180
10 47 0 8 -0.207505
17 31 0 8 -0.207897
19 33 0 8 -0.207988
25 44 0 8 -0.209015
8 49 0 8 -0.209511
17 61 0 8 -0.209694
45 57 0 8 -0.215504
23 31 0 8 -0.215528
22 84 0 8 -0.216249
15 20 0 8 -0.217001
57 84 0 8 -0.217575
19 63 0 8 -0.217945
33 51 0 8 -0.218202
1 49 0 8 -0.219766
14 84 0 8 -0.219939
36 44 0 8 -0.221390
26 71 0 8 -0.222260
35 76 0 8 -0.223683
3 62 0 8 -0.223693
42 64 0 8 -0.224985
40 56 0 8 -0.225298
34 84 0 8 -0.225955
51 68 0 8 -0.226362
10 80 0 8 -0.226692
37 55 0 8 -0.228147
73 84 0 8 -0.229419
44 61 0 8 -0.229563
32 81 0 8 -0.229758
31 47 0 8 -0.231034
11 72 0 8 -0.232189
48 58 0 8 -0.232691
25 46 0 8 -0.233788
56 79 0 8 -0.234155
58 69 0 8 -0.235476
26 76 0 8 -0.237014
69 80 0 8 -0.238003
33 55 0 8 -0.238139
30 74 0 8 -0.238244
59 78 0 8 -0.239105
51 85 0 8 -0.239163
56 76 0 8 -0.240881
10 55 0 8 -0.242138
31 59 0 8 -0.242199
25 79 0 8 -0.243178
45 54 0 8 -0.244004
35 72 0 8 -0.246304
64 83 0 8 -0.246610
9 52 0 8 -0.246808
40 76 0 8 -0.247702
28 57 0 8 -0.248575
5 60 0 8 -0.251188
3 33 0 8 -0.251920
24 58 0 8 -0.254424
25 48 0 8 -0.255087
16 43 0 8 -0.255168
19 83 0 8 -0.255184
9 29 0 8 -0.256750
17 35 0 8 -0.259127
22 80 0 8 -0.259479
8 65 0 8 -0.259658
29 74 0 8 -0.259762
53 79 0 8 -0.259771
75 83 0 8 -0.259977
44 79 0 8 -0.260778
9 82 0 8 -0.260843
8 45 0 8 -0.263151
4 84 0 8 -0.263619
8 23 0 8 -0.264582
8 64 0 8 -0.265254
30 64 0 8 -0.266277
64 82 0 8 -0.267435
18 45 0 8 -0.269877
26 80 0 8 -0.270505
17 26 0 8 -0.270614
2 83 0 8 -0.270735
23 38 0 8 -0.270939
20 48 0 8 -0.272550
60 71 0 8 -0.274534
26 56 0 8 -0.276610
27 40 0 8 -0.276860
22 36 0 8 -0.276978
1 15 0 8 -0.277222
69 83 0 8 -0.277883
14 33 0 8 -0.279160
5 69 0 8 -0.283134
27 57 0 8 -0.283507
1 54 0 8 -0.283900
13 48 0 8 -0.283943
6 33 0 8 -0.284008
9 17 0 8 -0.286364
7 49 0 8 -0.286861
1 12 0 8 -0.287026
25 80 0 8 -0.287400
10 33 0 8 -0.288042
1 56 0 8 -0.288432
22 51 0 8 -0.288771
49 61 0 8 -0.288964
10 29 0 8 -0.289490
25 62 0 8 -0.289949
17 44 0 8 -0.290042
19 84 0 8 -0.290274
2 60 0 8 -0.292218
7 65 0 8 -0.293684
35 73 0 8 -0.293773
14 24 0 8 -0.294812
41 48 0 8 -0.294989
31 70 0 8 -0.295049
6 52 0 8 -0.295994
35 82 0 8 -0.299060
37 83 0 8 -0.300783
17 41 0 8 -0.303631
30 84 0 8 -0.305233
38 53 0 8 -0.305365
58 78 0 8 -0.305562
30 81 0 8 -0.306550
11 23 0 8 -0.306875
39 83 0 8 -0.307146
15 35 0 8 -0.308112
2 84 0 8 -0.308266
18 31 0 8 -0.309601
68 83 0 8 -0.310482
27 84 0 8 -0.310490
13 74 0 8 -0.312464
36 73 0 8 -0.312496
25 66 0 8 -0.312558
48 82 0 8 -0.313039
39 82 0 8 -0.313646
43 58 0 8 -0.317688
14 30 0 8 -0.317832
74 83 0 8 -0.317903
18 59 0 8 -0.319035
53 85 0 8 -0.319146
54 81 0 8 -0.319745
9 78 0 8 -0.321220
19 35 0 8 -0.321701
11 64 0 8 -0.323357
62 75 0 8 -0.323839
60 67 0 8 -0.326268
49 68 0 8 -0.326274
18 82 0 8 -0.328861
52 83 0 8 -0.330569
31 80 0 8 -0.331603
25 33 0 8 -0.331857
29 34 0 8 -0.333201
29 60 0 8 -0.333752
7 73 0 8 -0.334148
31 81 0 8 -0.335032
14 70 0 8 -0.336372
62 83 0 8 -0.336599
17 50 0 8 -0.336915
33 64 0 8 -0.336983
21 85 0 8 -0.337902
34 41 0 8 -0.341243
2 73 0 8 -0.341551
10 84 0 8 -0.342352
1 39 0 8 -0.342632
21 40 0 8 -0.342633
25 59 0 8 -0.342719
33 80 0 8 -0.343147
47 54 0 8 -0.344135
13 33 0 8 -0.344164
16 51 0 8 -0.344429
4 35 0 8 -0.344780
28 40 0 8 -0.345118
17 60 0 8 -0.346328
5 25 0 8 -0.348404
31 56 0 8 -0.349373
24 34 0 8 -0.350598
29 80 0 8 -0.352373
41 83 0 8 -0.353187
3 37 0 8 -0.353493
29 78 0 8 -0.355426
7 45 0 8 -0.355463
2 46 0 8 -0.359276
67 80 0 8 -0.359734
8 80 0 8 -0.361394
16 32 0 8 -0.361705
58 84 0 8 -0.362379
26 81 0 8 -0.362924
15 24 0 8 -0.363175
10 36 0 8 -0.363681
40 60 0 8 -0.364487
4 43 0 8 -0.364609
61 75 0 8 -0.364690
1 40 0 8 -0.366839
33 67 0 8 -0.367247
38 45 0 8 -0.368374
2 74 0 8 -0.371712
7 55 0 8 -0.372230
20 63 0 8 -0.372797
24 31 0 8 -0.374115
16 31 0 8 -0.374612
40 57 0 8 -0.376717
6 81 0 8 -0.377064
5 30 0 8 -0.378137
72 83 0 8 -0.379305
2 77 0 8 -0.379839
20 47 0 8 -0.380072
30 61 0 8 -0.380159
7 29 0 8 -0.380345
4 51 0 8 -0.381779
24 79 0 8 -0.384594
51 76 0 8 -0.384732
1 26 0 8 -0.385000
35 48 0 8 -0.385215
39 78 0 8 -0.386565
36 82 0 8 -0.386596
3 84 0 8 -0.387123
41 66 0 8 -0.387318
51 82 0 8 -0.389964
29 44 0 8 -0.391150
75 81 0 8 -0.391533
61 83 0 8 -0.394044
22 47 0 8 -0.394291
22 74 0 8 -0.395288
56 77 0 8 -0.395440
4 42 0 8 -0.397772
37 57 0 8 -0.398385
22 72 0 8 -0.399513
12 22 0 8 -0.400707
50 73 0 8 -0.401921
50 79 0 8 -0.403034
44 73 0 8 -0.403173
54 61 0 8 -0.404794
62 68 0 8 -0.405214
67 75 0 8 -0.406749
28 81 0 8 -0.409422
8 71 0 8 -0.411004
2 61 0 8 -0.412052
29 54 0 8 -0.412752
40 47 0 8 -0.413436
13 67 0 8 -0.413638
55 81 0 8 -0.414444
71 84 0 8 -0.415424
35 40 0 8 -0.417827
39 61 0 8 -0.418858
73 82 0 8 -0.421424
39 48 0 8 -0.421531
47 83 0 8 -0.423416
21 35 0 8 -0.423690
51 84 0 8 -0.423811
30 78 0 8 -0.424901
22 38 0 8 -0.425729
11 28 0 8 -0.426971
3 50 0 8 -0.427160
31 75 0 8 -0.429558
9 19 0 8 -0.429696
3 64 0 8 -0.429745
5 79 0 8 -0.433360
12 18 0 8 -0.434035
21 50 0 8 -0.434930
19 40 0 8 -0.436058
63 83 0 8 -0.436516
54 79 0 8 -0.436580
2 67 0 8 -0.437178
16 84 0 8 -0.437983
2 71 0 8 -0.438087
45 63 0 8 -0.440051
8 66 0 8 -0.440484
23 33 0 8 -0.441318
21 82 0 8 -0.441401
43 67 0 8 -0.441432
6 26 0 8 -0.442984
1 48 0 8 -0.443487
10 75 0 8 -0.443906
16 26 0 8 -0.444752
12 73 0 8 -0.444778
5 62 0 8 -0.444804
30 44 0 8 -0.445471
15 49 0 8 -0.445685
18 50 0 8 -0.446046
26 34 0 8 -0.446563
23 51 0 8 -0.447280
53 78 0 8 -0.448257
1 73 0 8 -0.449209
2 16 0 8 -0.449903
16 82 0 8 -0.449936
26 48 0 8 -0.452467
8 59 0 8 -0.452697
15 79 0 8 -0.452850
5 38 0 8 -0.454858
55 70 0 8 -0.455509
9 43 0 8 -0.455778
16 21 0 8 -0.455978
43 79 0 8 -0.456422
1 17 0 8 -0.458410
32 54 0 8 -0.458447
12 33 0 8 -0.460024
41 77 0 8 -0.460518
12 75 0 8 -0.462558
33 58 0 8 -0.465760
18 60 0 8 -0.466587
4 50 0 8 -0.467729
21 56 0 8 -0.467987
1 29 0 8 -0.469629
25 84 0 8 -0.470323
12 36 0 8 -0.474565
31 58 0 8 -0.474722
8 20 0 8 -0.474998
4 9 0 8 -0.475359
24 44 0 8 -0.475763
33 74 0 8 -0.476498
49 55 0 8 -0.476942
58 68 0 8 -0.478489
67 79 0 8 -0.478680
19 78 0 8 -0.479014
8 13 0 8 -0.479169
8 32 0 8 -0.480555
28 51 0 8 -0.480990
6 60 0 8 -0.482127
31 77 0 8 -0.483065
8 14 0 8 -0.483494
47 66 0 8 -0.484592
42 69 0 8 -0.484775
6 16 0 8 -0.485870
18 83 0 8 -0.486045
3 67 0 8 -0.489331
19 57 0 8 -0.490643
31 42 0 8 -0.490743
18 62 0 8 -0.491755
17 83 0 8 -0.491921
14 46 0 8 -0.493095
9 73 0 8 -0.493621
33 54 0 8 -0.495152
55 82 0 8 -0.495247
8 77 0 8 -0.496371
6 69 0 8 -0.497595
58 70 0 8 -0.498048
47 72 0 8 -0.498740
33 61 0 8 -0.499306
43 82 0 8 -0.499805
1 65 0 8 -0.499976
8 74 0 8 -0.500289
67 74 0 8 -0.502741
8 44 0 8 -0.502845
43 65 0 8 -0.504336
24 29 0 8 -0.505053
27 79 0 8 -0.505438
60 66 0 8 -0.505653
24 45 0 8 -0.506935
19 31 0 8 -0.508319
5 44 0 8 -0.510069
5 31 0 8 -0.510296
14 31 0 8 -0.512150
30 66 0 8 -0.514042
7 80 0 8 -0.514316
34 81 0 8 -0.515380
7 39 0 8 -0.516206
8 53 0 8 -0.516361
32 80 0 8 -0.516394
2 8 0 8 -0.516722
48 84 0 8 -0.518145
8 67 0 8 -0.518169
2 13 0 8 -0.519211
24 83 0 8 -0.519801
17 68 0 8 -0.521911
7 46 0 8 -0.523699
8 40 0 8 -0.523875
1 57 0 8 -0.526782
30 55 0 8 -0.527230
4 82 0 8 -0.527636
33 71 0 8 -0.528593
58 79 0 8 -0.529152
33 77 0 8 -0.530413
5 35 0 8 -0.531688
1 30 0 8 -0.533311
20 25 0 8 -0.535968
7 42 0 8 -0.536343
23 83 0 8 -0.536360
49 60 0 8 -0.537420
24 65 0 8 -0.537771
2 33 0 8 -0.537969
56 82 0 8 -0.538192
60 73 0 8 -0.539323
7 64 0 8 -0.541093
39 75 0 8 -0.541912
42 83 0 8 -0.543389
49 80 0 8 -0.544886
54 71 0 8 -0.545616
10 27 0 8 -0.546520
8 72 0 8 -0.547123
51 58 0 8 -0.547132
64 78 0 8 -0.548980
23 73 0 8 -0.549865
6 49 0 8 -0.550494
20 39 0 8 -0.551911
23 58 0 8 -0.553701
60 82 0 8 -0.553896
34 49 0 8 -0.555110
8 43 0 8 -0.555813
65 71 0 8 -0.557636
44 83 0 8 -0.559790
2 31 0 8 -0.561800
18 29 0 8 -0.566205
19 25 0 8 -0.567469
1 71 0 8 -0.569322
43 51 0 8 -0.571302
3 30 0 8 -0.571953
8 73 0 8 -0.573596
22 69 0 8 -0.574981
12 79 0 8 -0.575312
20 53 0 8 -0.577006
50 82 0 8 -0.579345
8 16 0 8 -0.579539
24 41 0 8 -0.580132
26 67 0 8 -0.581683
11 68 0 8 -0.581947
16 73 0 8 -0.582589
7 56 0 8 -0.583436
49 72 0 8 -0.583893
7 13 0 8 -0.584934
27 67 0 8 -0.585596
38 70 0 8 -0.586714
42 76 0 8 -0.586718
2 48 0 8 -0.587304
5 42 0 8 -0.588114
33 59 0 8 -0.588198
4 75 0 8 -0.589738
6 54 0 8 -0.591443
56 70 0 8 -0.591947
24 60 0 8 -0.592601
12 66 0 8 -0.592656
2 44 0 8 -0.592839
12 70 0 8 -0.594812
4 57 0 8 -0.595942
27 65 0 8 -0.596187
8 54 0 8 -0.599863
16 74 0 8 -0.600875
15 45 0 8 -0.601010
31 63 0 8 -0.601553
13 30 0 8 -0.604585
8 58 0 8 -0.605714
33 72 0 8 -0.606295
21 79 0 8 -0.607536
5 29 0 8 -0.608773
7 14 0 8 -0.609477
4 74 0 8 -0.610361
1 38 0 8 -0.610430
8 70 0 8 -0.610549
20 34 0 8 -0.610693
13 77 0 8 -0.611381
31 50 0 8 -0.611701
19 34 0 8 -0.613077
57 81 0 8 -0.613299
33 73 0 8 -0.613661
56 83 0 8 -0.614760
66 79 0 8 -0.615011
68 77 0 8 -0.616712
17 34 0 8 -0.616841
51 64 0 8 -0.617329
7 57 0 8 -0.620260
22 37 0 8 -0.620984
59 73 0 8 -0.622544
8 46 0 8 -0.622778
10 83 0 8 -0.624105
14 78 0 8 -0.624318
7 32 0 8 -0.624874
11 38 0 8 -0.625543
8 76 0 8 -0.625775
33 75 0 8 -0.626672
33 44 0 8 -0.627615
21 29 0 8 -0.629096
9 81 0 8 -0.629556
9 60 0 8 -0.629676
10 20 0 8 -0.629929
27 82 0 8 -0.631027
60 69 0 8 -0.632773
7 24 0 8 -0.632990
17 78 0 8 -0.633294
41 50 0 8 -0.633351
33 70 0 8 -0.634748
48 56 0 8 -0.635236
49 79 0 8 -0.636509
54 83 0 8 -0.637724
1 27 0 8 -0.638045
52 69 0 8 -0.639576
31 39 0 8 -0.642047
60 68 0 8 -0.642230
36 79 0 8 -0.644894
7 76 0 8 -0.645056
31 76 0 8 -0.645577
19 42 0 8 -0.645753
26 45 0 8 -0.647598
23 37 0 8 -0.649024
29 66 0 8 -0.649710
8 24 0 8 -0.652250
35 41 0 8 -0.652988
24 82 0 8 -0.653220
24 56 0 8 -0.653716
43 74 0 8 -0.654195
46 61 0 8 -0.654357
35 59 0 8 -0.656596
61 70 0 8 -0.656960
6 40 0 8 -0.658501
35 70 0 8 -0.658756
35 62 0 8 -0.658816
24 72 0 8 -0.660249
8 68 0 8 -0.660630
15 51 0 8 -0.661270
26 72 0 8 -0.662967
35 43 0 8 -0.663104
22 35 0 8 -0.663364
40 63 0 8 -0.664961
41 69 0 8 -0.666831
5 28 0 8 -0.669327
38 61 0 8 -0.670549
3 26 0 8 -0.671004
29 38 0 8 -0.671168
39 68 0 8 -0.676284
8 25 0 8 -0.676320
17 27 0 8 -0.677283
3 31 0 8 -0.678189
10 79 0 8 -0.678317
45 82 0 8 -0.678916
5 45 0 8 -0.678959
54 70 0 8 -0.679908
31 61 0 8 -0.681604
6 71 0 8 -0.682106
13 79 0 8 -0.682586
17 82 0 8 -0.685359
1 58 0 8 -0.688346
9 79 0 8 -0.688488
8 61 0 8 -0.688677
30 43 0 8 -0.689848
33 53 0 8 -0.690325
50 80 0 8 -0.691498
59 64 0 8 -0.694576
24 55 0 8 -0.696820
45 83 0 8 -0.696965
15 71 0 8 -0.698185
34 71 0 8 -0.699909
49 54 0 8 -0.700747
2 35 0 8 -0.700975
13 35 0 8 -0.701301
2 64 0 8 -0.701534
4 14 0 8 -0.701930
59 69 0 8 -0.703927
15 62 0 8 -0.703957
45 51 0 8 -0.704244
55 68 0 8 -0.704761
48 78 0 8 -0.704834
18 38 0 8 -0.705374
9 39 0 8 -0.705565
40 81 0 8 -0.706711
32 75 0 8 -0.707723
22 41 0 8 -0.707770
33 76 0 8 -0.708161
31 38 0 8 -0.708616
3 52 0 8 -0.708851
24 63 0 8 -0.709491
48 75 0 8 -0.710718
24 59 0 8 -0.711182
33 68 0 8 -0.711793
5 59 0 8 -0.712153
24 35 0 8 -0.712400
6 72 0 8 -0.712993
4 79 0 8 -0.713142
28 78 0 8 -0.713407
53 69 0 8 -0.713494
3 35 0 8 -0.714356
50 65 0 8 -0.717253
8 50 0 8 -0.717543
36 51 0 8 -0.717556
14 63 0 8 -0.719897
8 69 0 8 -0.722355
17 80 0 8 -0.722829
33 45 0 8 -0.723329
31 66 0 8 -0.724325
59 71 0 8 -0.726174
16 63 0 8 -0.726924
9 37 0 8 -0.729997
53 82 0 8 -0.733267
2 81 0 8 -0.736873
46 56 0 8 -0.737100
48 70 0 8 -0.737494
14 29 0 8 -0.738325
1 68 0 8 -0.740186
45 71 0 8 -0.740305
24 33 0 8 -0.742983
17 71 0 8 -0.743390
40 74 0 8 -0.744719
11 66 0 8 -0.746423
34 59 0 8 -0.751484
3 51 0 8 -0.752118
31 74 0 8 -0.756663
35 51 0 8 -0.757285
32 48 0 8 -0.757620
19 52 0 8 -0.757774
12 59 0 8 -0.758490
9 44 0 8 -0.758493
12 56 0 8 -0.759840
43 78 0 8 -0.760470
47 68 0 8 -0.761231
49 62 0 8 -0.761562
7 58 0 8 -0.761818
16 33 0 8 -0.762749
32 47 0 8 -0.763875
8 28 0 8 -0.764351
21 26 0 8 -0.764726
8 38 0 8 -0.765028
1 72 0 8 -0.765271
8 57 0 8 -0.765584
43 66 0 8 -0.766892
37 64 0 8 -0.767594
9 64 0 8 -0.767765
18 53 0 8 -0.767911
37 53 0 8 -0.768629
58 81 0 8 -0.770299
29 52 0 8 -0.771043
48 55 0 8 -0.771358
38 52 0 8 -0.772558
11 35 0 8 -0.772762
8 21 0 8 -0.773537
13 31 0 8 -0.774119
4 72 0 8 -0.774224
9 48 0 8 -0.778388
33 49 0 8 -0.778476
14 55 0 8 -0.780042
53 75 0 8 -0.780828
61 77 0 8 -0.786844
21 31 0 8 -0.789031
27 75 0 8 -0.789753
29 77 0 8 -0.791498
61 81 0 8 -0.791882
7 20 0 8 -0.792409
51 79 0 8 -0.794062
8 42 0 8 -0.795425
20 73 0 8 -0.798129
34 58 0 8 -0.798740
31 52 0 8 -0.799121
9 65 0 8 -0.801068
30 77 0 8 -0.802767
33 40 0 8 -0.805293
22 77 0 8 -0.805499
10 82 0 8 -0.806332
5 82 0 8 -0.806679
4 39 0 8 -0.807463
31 64 0 8 -0.809802
20 78 0 8 -0.811239
16 47 0 8 -0.811370
5 65 0 8 -0.811992
48 63 0 8 -0.812200
40 65 0 8 -0.812483
42 77 0 8 -0.812495
11 73 0 8 -0.814793
14 80 0 8 -0.816400
22 45 0 8 -0.817627
25 41 0 8 -0.817692
8 41 0 8 -0.818064
1 78 0 8 -0.818776
62 82 0 8 -0.819037
8 63 0 8 -0.819187
23 57 0 8 -0.819557
25 57 0 8 -0.819882
26 59 0 8 -0.820411
26 55 0 8 -0.821263
1 51 0 8 -0.823570
56 68 0 8 -0.824744
16 42 0 8 -0.824806
1 75 0 8 -0.825193
32 82 0 8 -0.830787
49 70 0 8 -0.830918
43 62 0 8 -0.832665
32 55 0 8 -0.832957
26 65 0 8 -0.832963
11 79 0 8 -0.833319
9 34 0 8 -0.835013
21 70 0 8 -0.835870
31 49 0 8 -0.837390
33 46 0 8 -0.837734
58 72 0 8 -0.838302
47 74 0 8 -0.838786
7 48 0 8 -0.838884
31 71 0 8 -0.838904
9 42 0 8 -0.839994
4 73 0 8 -0.840610
26 61 0 8 -0.841425
25 49 0 8 -0.841905
30 37 0 8 -0.843138
18 39 0 8 -0.844048
43 54 0 8 -0.844573
8 52 0 8 -0.845653
34 65 0 8 -0.846520
29 43 0 8 -0.846842
27 80 0 8 -0.847110
11 59 0 8 -0.847409
16 60 0 8 -0.848732
24 52 0 8 -0.849528
35 78 0 8 -0.850086
33 69 0 8 -0.851245
20 35 0 8 -0.852401
3 13 0 8 -0.852767
12 42 0 8 -0.854139
38 79 0 8 -0.854830
5 56 0 8 -0.855554
35 56 0 8 -0.858335
3 36 0 8 -0.858803
3 82 0 8 -0.859405
7 67 0 8 -0.860388
24 57 0 8 -0.860754
44 82 0 8 -0.861986
18 61 0 8 -0.861998
7 38 0 8 -0.862282
61 72 0 8 -0.863346
17 62 0 8 -0.863396
21 33 0 8 -0.863444
15 61 0 8 -0.863836
15 23 0 8 -0.864632
18 80 0 8 -0.865456
31 67 0 8 -0.869194
37 69 0 8 -0.870350
23 45 0 8 -0.870539
10 31 0 8 -0.870791
1 32 0 8 -0.871373
51 71 0 8 -0.872139
25 51 0 8 -0.872788
9 21 0 8 -0.874579
6 29 0 8 -0.875063
2 12 0 8 -0.875142
8 48 0 8 -0.875615
10 18 0 8 -0.876073
37 79 0 8 -0.876746
16 29 0 8 -0.877012
13 78 0 8 -0.877021
46 57 0 8 -0.878077
41 75 0 8 -0.878202
33 42 0 8 -0.878922
44 51 0 8 -0.879928
61 82 0 8 -0.881255
10 28 0 8 -0.883313
22 50 0 8 -0.883519
21 68 0 8 -0.884620
9 23 0 8 -0.886193
17 48 0 8 -0.889066
23 42 0 8 -0.891029
12 19 0 8 -0.891159
14 49 0 8 -0.892294
22 39 0 8 -0.893053
40 70 0 8 -0.896095
14 79 0 8 -0.896264
24 77 0 8 -0.897290
17 37 0 8 -0.900718
13 23 0 8 -0.901056
58 82 0 8 -0.901508
29 63 0 8 -0.901919
3 19 0 8 -0.904303
28 46 0 8 -0.904371
33 43 0 8 -0.907470
29 41 0 8 -0.908379
2 9 0 8 -0.909767
19 73 0 8 -0.910698
1 43 0 8 -0.910825
2 68 0 8 -0.911292
23 49 0 8 -0.911322
10 49 0 8 -0.911879
10 81 0 8 -0.913504
50 63 0 8 -0.914166
51 69 0 8 -0.915237
21 30 0 8 -0.915467
38 60 0 8 -0.915818
47 82 0 8 -0.918202
7 61 0 8 -0.919708
27 51 0 8 -0.920381
35 58 0 8 -0.922073
27 71 0 8 -0.922919
3 68 0 8 -0.923713
24 66 0 8 -0.924422
20 46 0 8 -0.928317
33 57 0 8 -0.928452
28 33 0 8 -0.928948
20 82 0 8 -0.930536
62 70 0 8 -0.930666
12 64 0 8 -0.932022
28 74 0 8 -0.932254
1 59 0 8 -0.933286
9 41 0 8 -0.933971
29 37 0 8 -0.934405
34 66 0 8 -0.938359
39 67 0 8 -0.940463
37 50 0 8 -0.940659
51 81 0 8 -0.943904
21 38 0 8 -0.944060
12 60 0 8 -0.944130
20 61 0 8 -0.945919
18 78 0 8 -0.946399
33 50 0 8 -0.947329
18 27 0 8 -0.947675
7 28 0 8 -0.948722
33 63 0 8 -0.949426
13 40 0 8 -0.950570
33 52 0 8 -0.951076
19 51 0 8 -0.951544
20 37 0 8 -0.954857
37 76 0 8 -0.954966
20 65 0 8 -0.955497
5 63 0 8 -0.958155
10 72 0 8 -0.958824
28 35 0 8 -0.959473
31 57 0 8 -0.960416
17 24 0 8 -0.961236
36 43 0 8 -0.961388
27 59 0 8 -0.961515
7 52 0 8 -0.963569
25 31 0 8 -0.964709
31 43 0 8 -0.965851
12 78 0 8 -0.967964
18 32 0 8 -0.968271
7 21 0 8 -0.968709
27 41 0 8 -0.968932
28 39 0 8 -0.969369
33 41 0 8 -0.969684
1 10 0 8 -0.972942
54 65 0 8 -0.973706
12 38 0 8 -0.977214
11 81 0 8 -0.977762
51 75 0 8 -0.980217
7 16 0 8 -0.982007
44 50 0 8 -0.983751
50 81 0 8 -0.985252
40 73 0 8 -0.985786
11 37 0 8 -0.986376
56 80 0 8 -0.988589
12 65 0 8 -0.989907
58 80 0 8 -0.990476
10 19 0 8 -0.990546
2 37 0 8 -0.991111
2 49 0 8 -0.993954
20 58 0 8 -0.994093
33 38 0 8 -0.995621
16 30 0 8 -0.995848
54 82 0 8 -0.998653
60 80 0 8 -1.001110
4 76 0 8 -1.001352
29 75 0 8 -1.002329
18 56 0 8 -1.003652
51 77 0 8 -1.005645
62 77 0 8 -1.006040
67 73 0 8 -1.007671
25 73 0 8 -1.008994
3 38 0 8 -1.010065
56 63 0 8 -1.010485
1 64 0 8 -1.010733
38 55 0 8 -1.011168
45 78 0 8 -1.011872
50 59 0 8 -1.011974
3 77 0 8 -1.012193
6 82 0 8 -1.014243
24 64 0 8 -1.020614
10 77 0 8 -1.021236
15 70 0 8 -1.021974
36 68 0 8 -1.023744
26 57 0 8 -1.024635
3 15 0 8 -1.025320
9 62 0 8 -1.025558
5 32 0 8 -1.025672
3 71 0 8 -1.026997
54 69 0 8 -1.027004
29 59 0 8 -1.030212
3 75 0 8 -1.032160
23 77 0 8 -1.033491
63 80 0 8 -1.034869
9 20 0 8 -1.035371
66 80 0 8 -1.035836
48 77 0 8 -1.040932
33 48 0 8 -1.041259
44 76 0 8 -1.042271
32 57 0 8 -1.042855
51 74 0 8 -1.044638
7 44 0 8 -1.045734
64 75 0 8 -1.045768
36 49 0 8 -1.047773
21 74 0 8 -1.048566
25 63 0 8 -1.048818
46 73 0 8 -1.049718
29 64 0 8 -1.051800
10 34 0 8 -1.054629
35 57 0 8 -1.054936
25 32 0 8 -1.055751
45 81 0 8 -1.056741
14 26 0 8 -1.057719
31 53 0 8 -1.061093
58 76 0 8 -1.062014
51 65 0 8 -1.062182
25 61 0 8 -1.062715
56 66 0 8 -1.064777
10 35 0 8 -1.067356
34 82 0 8 -1.067398
17 32 0 8 -1.069505
31 44 0 8 -1.071064
23 60 0 8 -1.071374
27 62 0 8 -1.071696
36 72 0 8 -1.071715
38 65 0 8 -1.071869
46 64 0 8 -1.072188
37 49 0 8 -1.073974
40 55 0 8 -1.074114
20 75 0 8 -1.074371
11 56 0 8 -1.076380
1 53 0 8 -1.079157
38 54 0 8 -1.079471
5 71 0 8 -1.081417
20 72 0 8 -1.083366
57 71 0 8 -1.084124
6 23 0 8 -1.085504
32 73 0 8 -1.087734
51 66 0 8 -1.088319
39 52 0 8 -1.090459
20 57 0 8 -1.092160
49 81 0 8 -1.093226
52 60 0 8 -1.095353
27 39 0 8 -1.095727
11 60 0 8 -1.097457
54 77 0 8 -1.098016
72 82 0 8 -1.098323
15 57 0 8 -1.098992
57 66 0 8 -1.100260
9 76 0 8 -1.101548
59 70 0 8 -1.102406
23 30 0 8 -1.103732
60 65 0 8 -1.105717
65 82 0 8 -1.107417
32 40 0 8 -1.108895
54 78 0 8 -1.112299
39 74 0 8 -1.112552
23 69 0 8 -1.116889
17 81 0 8 -1.117314
18 74 0 8 -1.118587
14 69 0 8 -1.118615
6 63 0 8 -1.121192
36 57 0 8 -1.124050
52 75 0 8 -1.126618
9 75 0 8 -1.127643
21 36 0 8 -1.128026
43 48 0 8 -1.129092
9 53 0 8 -1.129688
3 10 0 8 -1.129997
14 21 0 8 -1.130478
16 79 0 8 -1.131725
24 76 0 8 -1.136024
37 51 0 8 -1.138042
18 34 0 8 -1.139695
27 47 0 8 -1.140073
12 71 0 8 -1.142424
5 50 0 8 -1.144053
53 72 0 8 -1.145409
16 35 0 8 -1.146213
17 22 0 8 -1.147551
44 80 0 8 -1.152690
73 80 0 8 -1.154325
6 14 0 8 -1.156138
43 81 0 8 -1.156363
42 66 0 8 -1.156412
37 47 0 8 -1.156509
35 64 0 8 -1.157438
30 80 0 8 -1.158943
11 44 0 8 -1.160353
38 73 0 8 -1.161857
13 20 0 8 -1.162492
13 19 0 8 -1.164923
50 78 0 8 -1.166039
6 37 0 8 -1.169318
40 59 0 8 -1.172261
6 70 0 8 -1.174054
61 79 0 8 -1.175339
35 46 0 8 -1.177251
55 77 0 8 -1.177389
47 81 0 8 -1.178529
36 55 0 8 -1.179281
15 55 0 8 -1.180171
26 70 0 8 -1.180665
18 57 0 8 -1.181289
60 78 0 8 -1.184305
26 54 0 8 -1.186654
56 78 0 8 -1.186721
35 50 0 8 -1.187237
2 51 0 8 -1.188537
59 77 0 8 -1.189375
18 26 0 8 -1.193581
16 71 0 8 -1.196147
4 71 0 8 -1.196927
11 32 0 8 -1.197884
10 70 0 8 -1.199283
12 40 0 8 -1.202438
11 63 0 8 -1.203194
21 78 0 8 -1.204743
10 78 0 8 -1.206562
27 32 0 8 -1.206783
9 55 0 8 -1.207405
37 60 0 8 -1.209447
15 76 0 8 -1.210912
14 40 0 8 -1.211997
41 55 0 8 -1.213368
23 63 0 8 -1.215067
18 79 0 8 -1.218622
13 43 0 8 -1.219231
15 50 0 8 -1.220903
15 21 0 8 -1.220969
13 65 0 8 -1.224058
5 81 0 8 -1.226039
29 73 0 8 -1.226094
11 74 0 8 -1.227178
9 74 0 8 -1.228942
16 66 0 8 -1.229270
12 51 0 8 -1.230335
16 62 0 8 -1.232130
18 42 0 8 -1.239708
11 18 0 8 -1.241311
68 80 0 8 -1.241459
4 10 0 8 -1.242669
13 34 0 8 -1.246730
29 53 0 8 -1.248799
54 76 0 8 -1.249960
24 48 0 8 -1.251217
36 59 0 8 -1.252392
40 78 0 8 -1.253029
15 77 0 8 -1.253971
34 62 0 8 -1.254876
23 47 0 8 -1.257457
14 82 0 8 -1.258864
19 76 0 8 -1.259640
29 48 0 8 -1.260378
22 54 0 8 -1.262469
42 79 0 8 -1.264096
14 32 0 8 -1.264765
20 81 0 8 -1.265661
36 76 0 8 -1.265709
30 56 0 8 -1.266091
22 30 0 8 -1.267450
57 78 0 8 -1.267457
13 66 0 8 -1.268449
26 58 0 8 -1.270047
39 60 0 8 -1.273080
26 38 0 8 -1.273239
47 80 0 8 -1.274939
17 63 0 8 -1.276019
46 81 0 8 -1.276029
20 26 0 8 -1.276366
46 71 0 8 -1.281266
38 47 0 8 -1.282334
2 72 0 8 -1.283314
37 58 0 8 -1.286503
26 42 0 8 -1.289845
3 61 0 8 -1.290156
22 70 0 8 -1.290285
36 81 0 8 -1.291503
60 76 0 8 -1.291819
32 67 0 8 -1.292372
28 61 0 8 -1.292476
43 56 0 8 -1.294495
28 80 0 8 -1.300454
16 27 0 8 -1.301602
63 78 0 8 -1.303458
23 34 0 8 -1.304416
5 55 0 8 -1.305204
42 70 0 8 -1.306716
26 36 0 8 -1.307148
22 56 0 8 -1.308101
4 48 0 8 -1.309456
42 52 0 8 -1.316869
16 65 0 8 -1.317284
29 45 0 8 -1.320337
60 77 0 8 -1.321320
19 75 0 8 -1.321470
13 55 0 8 -1.323740
13 51 0 8 -1.323985
11 41 0 8 -1.325722
25 67 0 8 -1.328019
9 14 0 8 -1.331730
23 74 0 8 -1.331947
29 65 0 8 -1.337124
5 54 0 8 -1.337691
46 65 0 8 -1.341092
19 24 0 8 -1.343687
39 58 0 8 -1.344752
19 44 0 8 -1.346147
13 39 0 8 -1.346565
58 74 0 8 -1.347905
35 52 0 8 -1.347969
21 46 0 8 -1.354351
43 70 0 8 -1.356283
30 79 0 8 -1.357055
30 42 0 8 -1.357129
38 51 0 8 -1.357911
29 42 0 8 -1.358600
56 75 0 8 -1.358602
18 47 0 8 -1.366471
39 54 0 8 -1.371778
13 62 0 8 -1.373598
58 77 0 8 -1.376146
17 64 0 8 -1.376209
13 38 0 8 -1.377035
27 48 0 8 -1.378284
10 17 0 8 -1.378741
5 17 0 8 -1.379274
46 63 0 8 -1.379974
63 82 0 8 -1.380885
18 43 0 8 -1.382102
50 60 0 8 -1.384603
62 73 0 8 -1.385204
16 28 0 8 -1.388953
40 69 0 8 -1.389804
60 72 0 8 -1.391550
3 21 0 8 -1.392967
34 64 0 8 -1.393619
36 70 0 8 -1.394009
15 41 0 8 -1.400456
3 28 0 8 -1.401335
13 28 0 8 -1.402365
3 14 0 8 -1.404438
25 56 0 8 -1.404661
5 68 0 8 -1.406154
15 65 0 8 -1.414030
3 57 0 8 -1.414143
65 79 0 8 -1.414935
43 77 0 8 -1.417559
41 47 0 8 -1.421007
12 54 0 8 -1.421008
9 70 0 8 -1.423006
4 59 0 8 -1.423194
14 57 0 8 -1.427511
9 71 0 8 -1.435502
60 70 0 8 -1.438806
18 30 0 8 -1.442307
2 43 0 8 -1.443515
45 76 0 8 -1.444901
9 61 0 8 -1.446092
22 40 0 8 -1.454944
48 68 0 8 -1.455372
50 57 0 8 -1.455708
14 50 0 8 -1.455992
48 76 0 8 -1.459784
5 66 0 8 -1.461172
6 79 0 8 -1.461706
42 72 0 8 -1.462855
25 81 0 8 -1.470367
6 25 0 8 -1.473308
37 68 0 8 -1.475326
38 71 0 8 -1.475945
46 51 0 8 -1.476561
32 66 0 8 -1.476578
13 47 0 8 -1.479845
24 39 0 8 -1.481913
3 34 0 8 -1.484071
50 71 0 8 -1.485049
13 49 0 8 -1.485710
27 54 0 8 -1.491674
23 52 0 8 -1.494295
41 59 0 8 -1.494425
14 41 0 8 -1.496445
14 81 0 8 -1.498476
26 43 0 8 -1.500429
11 48 0 8 -1.500707
28 50 0 8 -1.503892
22 75 0 8 -1.504871
42 53 0 8 -1.505251
2 54 0 8 -1.509708
19 80 0 8 -1.510105
46 52 0 8 -1.510289
9 63 0 8 -1.512717
32 76 0 8 -1.512962
4 53 0 8 -1.514160
24 53 0 8 -1.515760
2 63 0 8 -1.516075
22 61 0 8 -1.518361
36 53 0 8 -1.518448
14 67 0 8 -1.518756
10 23 0 8 -1.523219
64 72 0 8 -1.523594
46 60 0 8 -1.523949
41 56 0 8 -1.526304
27 70 0 8 -1.526896
22 48 0 8 -1.532674
10 39 0 8 -1.534700
42 81 0 8 -1.536258
16 55 0 8 -1.541306
17 40 0 8 -1.541974
14 73 0 8 -1.542927
17 29 0 8 -1.543092
54 80 0 8 -1.544975
40 48 0 8 -1.551103
27 72 0 8 -1.551201
25 42 0 8 -1.552129
17 45 0 8 -1.554416
25 70 0 8 -1.560940
44 77 0 8 -1.562869
42 58 0 8 -1.562973
21 39 0 8 -1.567877
36 42 0 8 -1.569149
10 74 0 8 -1.571308
38 56 0 8 -1.572426
12 24 0 8 -1.573276
3 74 0 8 -1.573807
53 70 0 8 -1.576995
67 72 0 8 -1.578586
15 40 0 8 -1.582717
4 37 0 8 -1.584085
11 45 0 8 -1.589684
21 67 0 8 -1.590970
54 75 0 8 -1.591822
22 58 0 8 -1.593612
3 25 0 8 -1.594425
14 47 0 8 -1.594451
38 81 0 8 -1.596504
45 73 0 8 -1.596546
37 74 0 8 -1.596618
2 55 0 8 -1.597004
11 39 0 8 -1.598881
4 17 0 8 -1.603527
22 62 0 8 -1.605729
27 44 0 8 -1.607500
18 46 0 8 -1.611490
52 68 0 8 -1.612195
6 19 0 8 -1.618694
29 39 0 8 -1.618876
61 80 0 8 -1.622323
10 37 0 8 -1.622917
53 62 0 8 -1.624038
2 40 0 8 -1.625580
39 46 0 8 -1.628249
15 72 0 8 -1.629225
13 29 0 8 -1.634888
27 38 0 8 -1.635185
54 63 0 8 -1.635710
18 37 0 8 -1.638037
3 12 0 8 -1.640451
4 32 0 8 -1.642205
63 77 0 8 -1.644150
19 60 0 8 -1.646667
22 71 0 8 -1.650373
4 15 0 8 -1.650651
56 74 0 8 -1.651575
66 75 0 8 -1.653139
27 49 0 8 -1.653934
3 55 0 8 -1.662324
62 69 0 8 -1.663280
20 32 0 8 -1.665225
5 78 0 8 -1.665758
16 77 0 8 -1.666030
21 81 0 8 -1.672397
28 37 0 8 -1.672658
22 44 0 8 -1.673499
58 75 0 8 -1.675299
36 66 0 8 -1.675746
42 68 0 8 -1.676539
17 69 0 8 -1.679543
20 51 0 8 -1.683795
17 75 0 8 -1.684870
48 61 0 8 -1.687546
50 75 0 8 -1.688572
42 65 0 8 -1.689803
30 39 0 8 -1.692710
10 40 0 8 -1.692822
11 20 0 8 -1.693114
44 81 0 8 -1.698530
59 67 0 8 -1.709815
48 80 0 8 -1.717230
32 70 0 8 -1.718411
17 43 0 8 -1.725507
20 42 0 8 -1.726158
44 58 0 8 -1.727794
10 57 0 8 -1.729740
42 60 0 8 -1.733070
20 56 0 8 -1.733566
68 78 0 8 -1.734740
3 53 0 8 -1.735872
37 75 0 8 -1.735891
15 27 0 8 -1.737429
14 77 0 8 -1.737587
30 58 0 8 -1.745449
40 79 0 8 -1.748040
19 62 0 8 -1.753931
11 42 0 8 -1.754896
3 47 0 8 -1.761777
22 59 0 8 -1.770835
66 78 0 8 -1.772023
34 40 0 8 -1.778820
38 77 0 8 -1.778937
17 67 0 8 -1.780853
52 73 0 8 -1.781760
32 69 0 8 -1.783510
32 65 0 8 -1.783907
25 60 0 8 -1.787804
37 43 0 8 -1.788474
34 78 0 8 -1.789966
5 21 0 8 -1.790605
21 73 0 8 -1.791594
21 71 0 8 -1.792866
12 62 0 8 -1.793699
43 59 0 8 -1.797998
28 68 0 8 -1.799887
6 76 0 8 -1.802284
51 61 0 8 -1.804611
61 73 0 8 -1.807234
16 38 0 8 -1.807266
19 58 0 8 -1.810213
11 47 0 8 -1.810649
6 42 0 8 -1.811632
4 47 0 8 -1.812795
61 67 0 8 -1.813367
45 74 0 8 -1.822341
29 56 0 8 -1.827103
10 22 0 8 -1.831302
21 27 0 8 -1.835510
14 39 0 8 -1.836115
37 46 0 8 -1.839115
23 62 0 8 -1.840054
15 48 0 8 -1.842802
16 68 0 8 -1.846028
34 73 0 8 -1.848298
34 55 0 8 -1.850677
19 64 0 8 -1.853599
53 73 0 8 -1.854522
6 18 0 8 -1.855513
22 57 0 8 -1.858732
3 41 0 8 -1.861852
39 49 0 8 -1.872430
63 68 0 8 -1.876641
25 64 0 8 -1.881767
64 73 0 8 -1.881848
53 64 0 8 -1.882763
19 36 0 8 -1.884521
52 66 0 8 -1.887933
18 36 0 8 -1.890770
11 55 0 8 -1.891135
5 18 0 8 -1.893932
18 70 0 8 -1.895215
24 30 0 8 -1.895348
41 62 0 8 -1.903016
2 62 0 8 -1.908121
49 77 0 8 -1.909244
10 71 0 8 -1.910488
45 65 0 8 -1.910865
39 69 0 8 -1.913214
53 61 0 8 -1.914703
18 48 0 8 -1.924669
5 24 0 8 -1.924721
46 70 0 8 -1.926329
12 63 0 8 -1.927356
24 36 0 8 -1.928606
28 41 0 8 -1.929715
23 81 0 8 -1.932930
46 80 0 8 -1.935758
30 76 0 8 -1.935965
34 42 0 8 -1.939657
34 74 0 8 -1.943297
43 55 0 8 -1.946326
23 53 0 8 -1.946517
4 78 0 8 -1.947136
28 47 0 8 -1.949140
6 44 0 8 -1.949819
6 78 0 8 -1.950017
6 80 0 8 -1.950590
57 68 0 8 -1.950822
57 69 0 8 -1.953357
51 80 0 8 -1.955944
45 77 0 8 -1.957394
46 78 0 8 -1.962887
22 68 0 8 -1.972381
4 65 0 8 -1.975510
17 73 0 8 -1.977307
21 80 0 8 -1.979879
44 55 0 8 -1.982295
5 23 0 8 -1.988251
30 59 0 8 -1.991667
15 38 0 8 -1.991744
20 41 0 8 -2.000242
52 57 0 8 -2.003745
28 66 0 8 -2.005111
32 78 0 8 -2.008446
14 42 0 8 -2.014107
12 44 0 8 -2.014642
22 34 0 8 -2.015710
28 48 0 8 -2.020874
9 36 0 8 -2.022020
10 63 0 8 -2.042181
23 39 0 8 -2.042243
52 76 0 8 -2.043846
27 73 0 8 -2.049240
32 61 0 8 -2.057698
55 72 0 8 -2.058662
12 74 0 8 -2.058736
32 49 0 8 -2.059492
50 58 0 8 -2.069706
38 46 0 8 -2.070668
2 70 0 8 -2.071766
12 21 0 8 -2.073787
29 51 0 8 -2.076237
25 54 0 8 -2.076514
61 78 0 8 -2.076733
25 69 0 8 -2.076899
6 55 0 8 -2.088444
41 54 0 8 -2.098377
50 70 0 8 -2.099187
58 63 0 8 -2.103149
22 55 0 8 -2.104674
36 74 0 8 -2.106802
5 36 0 8 -2.114635
29 57 0 8 -2.115191
14 62 0 8 -2.116221
18 40 0 8 -2.116562
34 75 0 8 -2.117507
48 65 0 8 -2.124815
9 40 0 8 -2.129932
20 29 0 8 -2.130187
34 76 0 8 -2.132985
57 74 0 8 -2.138184
45 66 0 8 -2.140233
27 56 0 8 -2.141542
38 48 0 8 -2.143543
20 66 0 8 -2.146396
14 28 0 8 -2.146754
22 43 0 8 -2.149077
63 71 0 8 -2.149510
11 54 0 8 -2.156080
30 38 0 8 -2.158398
57 67 0 8 -2.160790
6 59 0 8 -2.168541
28 54 0 8 -2.169230
43 75 0 8 -2.171424
24 62 0 8 -2.176664
2 22 0 8 -2.185817
11 62 0 8 -2.187210
42 73 0 8 -2.188344
12 50 0 8 -2.190941
5 74 0 8 -2.192713
16 56 0 8 -2.195107
24 61 0 8 -2.195199
40 72 0 8 -2.196448
32 77 0 8 -2.197485
24 40 0 8 -2.208364
20 74 0 8 -2.215016
50 72 0 8 -2.218384
21 66 0 8 -2.220639
36 47 0 8 -2.221634
38 72 0 8 -2.222192
45 50 0 8 -2.243205
21 49 0 8 -2.260494
22 63 0 8 -2.262052
21 76 0 8 -2.269122
18 72 0 8 -2.273985
24 67 0 8 -2.274880
19 32 0 8 -2.275197
15 53 0 8 -2.278070
49 69 0 8 -2.295396
49 59 0 8 -2.308430
12 23 0 8 -2.319552
5 14 0 8 -2.322212
20 64 0 8 -2.322365
14 44 0 8 -2.326213
16 76 0 8 -2.330027
37 80 0 8 -2.335594
14 53 0 8 -2.352435
13 71 0 8 -2.361014
28 73 0 8 -2.361300
46 72 0 8 -2.366643
4 18 0 8 -2.378943
10 46 0 8 -2.387587
56 69 0 8 -2.396311
55 69 0 8 -2.398441
2 45 0 8 -2.401255
21 58 0 8 -2.403272
6 39 0 8 -2.419123
6 12 0 8 -2.420776
17 30 0 8 -2.428818
37 56 0 8 -2.431442
27 69 0 8 -2.439202
37 67 0 8 -2.446820
44 49 0 8 -2.448246
49 71 0 8 -2.452251
62 71 0 8 -2.461753
6 56 0 8 -2.465066
43 53 0 8 -2.467011
43 68 0 8 -2.467663
22 53 0 8 -2.475896
24 46 0 8 -2.479426
21 37 0 8 -2.485747
2 10 0 8 -2.509000
44 74 0 8 -2.513881
23 40 0 8 -2.519229
20 27 0 8 -2.521074
47 53 0 8 -2.523895
39 71 0 8 -2.524807
40 71 0 8 -2.527222
36 69 0 8 -2.530771
4 68 0 8 -2.544673
19 39 0 8 -2.546716
6 57 0 8 -2.550242
67 76 0 8 -2.550638
10 65 0 8 -2.559553
6 67 0 8 -2.567410
15 42 0 8 -2.568133
32 59 0 8 -2.579029
2 78 0 8 -2.580457
56 72 0 8 -2.595574
47 67 0 8 -2.602460
4 23 0 8 -2.632391
2 69 0 8 -2.634222
41 53 0 8 -2.644895
34 46 0 8 -2.648676
6 20 0 8 -2.652688
16 45 0 8 -2.653997
23 50 0 8 -2.656214
63 76 0 8 -2.662056
23 32 0 8 -2.663103
14 58 0 8 -2.674875
63 70 0 8 -2.676729
44 52 0 8 -2.685955
25 30 0 8 -2.689395
55 67 0 8 -2.696013
4 12 0 8 -2.698345
34 45 0 8 -2.699711
65 74 0 8 -2.707563
41 63 0 8 -2.708173
72 78 0 8 -2.712983
30 52 0 8 -2.717449
25 45 0 8 -2.721405
34 54 0 8 -2.723886
57 72 0 8 -2.731333
44 71 0 8 -2.740912
28 43 0 8 -2.745075
28 38 0 8 -2.761045
12 67 0 8 -2.772293
43 76 0 8 -2.772514
25 65 0 8 -2.787163
36 61 0 8 -2.794236
38 64 0 8 -2.806997
4 44 0 8 -2.814557
5 75 0 8 -2.824318
4 56 0 8 -2.826875
43 69 0 8 -2.831757
32 71 0 8 -2.854925
3 39 0 8 -2.864228
47 56 0 8 -2.867735
28 49 0 8 -2.895231
19 59 0 8 -2.895413
42 48 0 8 -2.895940
53 68 0 8 -2.907598
16 40 0 8 -2.915560
15 44 0 8 -2.936511
50 67 0 8 -2.941056
52 74 0 8 -2.949412
51 67 0 8 -2.970164
24 54 0 8 -3.003865
46 76 0 8 -3.016328
50 76 0 8 -3.018981
19 45 0 8 -3.020292
39 77 0 8 -3.036097
38 59 0 8 -3.037794
63 73 0 8 -3.045442
64 70 0 8 -3.047247
6 66 0 8 -3.061021
15 43 0 8 -3.072170
6 68 0 8 -3.103606
6 74 0 8 -3.124872
52 72 0 8 -3.148258
13 58 0 8 -3.167984
58 71 0 8 -3.168079
47 69 0 8 -3.172084
36 64 0 8 -3.200353
16 36 0 8 -3.201143
54 68 0 8 -3.202991
44 68 0 8 -3.204199
34 52 0 8 -3.207597
51 56 0 8 -3.214250
18 75 0 8 -3.264698
40 67 0 8 -3.272780
41 71 0 8 -3.286706
18 73 0 8 -3.310847
19 48 0 8 -3.321624
34 68 0 8 -3.394852
46 69 0 8 -3.410360
36 58 0 8 -3.416330
61 76 0 8 -3.470083
36 52 0 8 -3.575831
50 69 0 8 -3.684304
16 75 0 8 -3.832863
43 49 0 8 -4.099998
