6 34 0 8 11.433005
27 37 0 8 10.456064
19 29 0 8 7.905945
50 56 0 8 6.810410
18 51 0 8 6.749150
36 63 0 8 6.234223
48 74 0 8 6.071229
22 49 0 8 5.640954
73 78 0 8 5.348142
10 44 0 8 5.348105
56 62 0 8 5.293863
14 36 0 8 5.187662
38 58 0 8 5.059366
13 46 0 8 5.058719
6 58 0 8 4.830189
14 34 0 8 4.821013
22 46 0 8 4.773237
39 44 0 8 4.760664
12 46 0 8 4.743605
21 42 0 8 4.564322
64 76 0 8 4.527763
10 59 0 8 4.474721
4 30 0 8 4.427604
44 54 0 8 4.378160
43 57 0 8 4.341904
17 36 0 8 4.339025
40 54 0 8 4.323740
21 54 0 8 4.251832
11 67 0 8 4.244086
56 67 0 8 4.235496
13 42 0 8 4.225933
24 43 0 8 4.171133
40 45 0 8 4.140337
15 26 0 8 4.119510
18 67 0 8 4.108659
48 73 0 8 4.068613
36 65 0 8 4.065291
9 32 0 8 4.060480
30 36 0 8 3.989958
28 36 0 8 3.974680
17 55 0 8 3.958668
32 44 0 8 3.913557
42 67 0 8 3.886324
25 40 0 8 3.872483
41 64 0 8 3.863317
22 67 0 8 3.820581
5 64 0 8 3.801176
21 63 0 8 3.785851
10 61 0 8 3.730173
23 28 0 8 3.692226
