7 27 0 8 0.328836
7 23 0 8 0.245055
7 15 0 8 0.217590
15 28 0 8 0.028221
15 22 0 8 0.027248
15 20 0 8 0.026869
3 15 0 8 0.024318
5 15 0 8 0.022055
4 15 0 8 0.020978
2 15 0 8 0.020465
10 15 0 8 0.020265
9 15 0 8 0.020193
8 15 0 8 0.020137
15 21 0 8 0.020105
15 29 0 8 0.020025
15 24 0 8 0.019430
15 25 0 8 0.019411
6 15 0 8 0.018288
11 17 0 8 0.012799
3 11 0 8 0.010951
11 20 0 8 0.010879
11 26 0 8 0.010858
11 28 0 8 0.010572
11 22 0 8 0.009139
5 11 0 8 0.008708
11 18 0 8 0.008464
11 16 0 8 0.008092
2 11 0 8 0.008046
11 21 0 8 0.008005
11 19 0 8 0.007985
11 25 0 8 0.007850
11 29 0 8 0.007741
4 11 0 8 0.007726
11 24 0 8 0.007690
1 14 0 8 0.006826
6 11 0 8 0.006134
1 28 0 8 0.005989
1 20 0 8 0.005580
1 13 0 8 0.005492
3 14 0 8 0.005111
14 20 0 8 0.005004
14 28 0 8 0.004860
1 26 0 8 0.004688
17 28 0 8 0.004414
14 26 0 8 0.004249
3 28 0 8 0.003789
1 22 0 8 0.003749
15 26 0 8 0.003666
1 29 0 8 0.003625
3 20 0 8 0.003568
1 8 0 8 0.003552
3 13 0 8 0.003502
13 28 0 8 0.003481
1 9 0 8 0.003478
1 18 0 8 0.003458
17 26 0 8 0.003451
1 12 0 8 0.003423
1 10 0 8 0.003380
1 25 0 8 0.003274
13 20 0 8 0.003270
1 21 0 8 0.003266
1 24 0 8 0.003252
3 26 0 8 0.003171
20 26 0 8 0.003127
1 16 0 8 0.003068
14 22 0 8 0.003023
1 19 0 8 0.002939
13 26 0 8 0.002915
5 14 0 8 0.002832
5 17 0 8 0.002816
20 28 0 8 0.002719
1 11 0 8 0.002562
17 22 0 8 0.002463
5 28 0 8 0.002316
2 14 0 8 0.002296
14 19 0 8 0.002210
2 17 0 8 0.002193
12 17 0 8 0.002173
10 17 0 8 0.002105
1 6 0 8 0.002085
14 21 0 8 0.002072
3 22 0 8 0.002030
9 17 0 8 0.002023
8 17 0 8 0.001953
14 25 0 8 0.001949
14 29 0 8 0.001939
4 14 0 8 0.001915
14 24 0 8 0.001904
4 17 0 8 0.001872
13 22 0 8 0.001761
9 14 0 8 0.001760
8 14 0 8 0.001745
5 13 0 8 0.001723
2 28 0 8 0.001704
17 29 0 8 0.001632
17 24 0 8 0.001593
5 20 0 8 0.001570
3 18 0 8 0.001561
13 18 0 8 0.001505
17 25 0 8 0.001489
3 29 0 8 0.001462
8 28 0 8 0.001430
5 26 0 8 0.001407
3 21 0 8 0.001404
4 28 0 8 0.001385
3 25 0 8 0.001381
9 28 0 8 0.001380
10 28 0 8 0.001316
12 28 0 8 0.001276
3 24 0 8 0.001257
3 8 0 8 0.001187
22 28 0 8 0.001184
2 13 0 8 0.001184
2 20 0 8 0.001146
3 12 0 8 0.001128
3 9 0 8 0.001123
3 10 0 8 0.001076
18 28 0 8 0.001044
13 21 0 8 0.001034
3 16 0 8 0.001014
12 26 0 8 0.000972
13 19 0 8 0.000958
3 19 0 8 0.000955
13 25 0 8 0.000924
18 26 0 8 0.000878
13 29 0 8 0.000823
13 24 0 8 0.000820
10 20 0 8 0.000809
10 26 0 8 0.000790
12 20 0 8 0.000789
4 13 0 8 0.000783
9 20 0 8 0.000770
9 26 0 8 0.000743
8 20 0 8 0.000725
16 26 0 8 0.000707
21 28 0 8 0.000705
4 20 0 8 0.000684
2 26 0 8 0.000680
8 26 0 8 0.000676
8 13 0 8 0.000667
16 28 0 8 0.000638
20 29 0 8 0.000525
19 26 0 8 0.000442
4 26 0 8 0.000426
21 26 0 8 0.000383
5 22 0 8 0.000353
20 25 0 8 0.000310
19 28 0 8 0.000302
6 17 0 8 0.000283
6 14 0 8 0.000198
5 18 0 8 0.000137
5 29 0 8 0.000076
5 25 0 8 -0.000041
5 21 0 8 -0.000090
6 28 0 8 -0.000115
2 22 0 8 -0.000235
5 10 0 8 -0.000237
12 22 0 8 -0.000267
10 22 0 8 -0.000276
5 24 0 8 -0.000277
5 12 0 8 -0.000290
9 22 0 8 -0.000321
8 22 0 8 -0.000378
10 18 0 8 -0.000399
12 18 0 8 -0.000408
2 18 0 8 -0.000417
2 29 0 8 -0.000441
5 16 0 8 -0.000446
9 18 0 8 -0.000466
8 18 0 8 -0.000539
4 22 0 8 -0.000570
2 21 0 8 -0.000592
2 25 0 8 -0.000608
5 19 0 8 -0.000623
2 8 0 8 -0.000658
2 24 0 8 -0.000670
2 9 0 8 -0.000734
2 12 0 8 -0.000774
16 22 0 8 -0.000776
10 21 0 8 -0.000791
4 18 0 8 -0.000805
9 21 0 8 -0.000807
2 10 0 8 -0.000817
4 29 0 8 -0.000838
8 25 0 8 -0.000840
8 21 0 8 -0.000845
12 21 0 8 -0.000849
9 25 0 8 -0.000849
6 13 0 8 -0.000858
6 20 0 8 -0.000875
10 25 0 8 -0.000880
12 25 0 8 -0.000920
8 29 0 8 -0.000921
22 29 0 8 -0.000929
4 25 0 8 -0.000952
4 21 0 8 -0.000986
9 29 0 8 -0.000993
6 26 0 8 -0.001023
2 16 0 8 -0.001025
18 24 0 8 -0.001044
12 24 0 8 -0.001054
10 16 0 8 -0.001057
10 29 0 8 -0.001076
10 24 0 8 -0.001084
9 24 0 8 -0.001086
12 29 0 8 -0.001091
18 29 0 8 -0.001092
8 24 0 8 -0.001102
9 16 0 8 -0.001119
2 19 0 8 -0.001133
4 9 0 8 -0.001140
4 24 0 8 -0.001141
10 19 0 8 -0.001176
12 19 0 8 -0.001186
8 16 0 8 -0.001190
18 25 0 8 -0.001193
24 29 0 8 -0.001199
4 10 0 8 -0.001215
4 12 0 8 -0.001225
9 19 0 8 -0.001240
21 29 0 8 -0.001307
8 19 0 8 -0.001317
16 21 0 8 -0.001404
4 16 0 8 -0.001404
16 24 0 8 -0.001514
4 19 0 8 -0.001546
16 25 0 8 -0.001578
16 29 0 8 -0.001591
19 24 0 8 -0.001769
19 29 0 8 -0.001793
19 25 0 8 -0.001961
6 22 0 8 -0.002061
6 18 0 8 -0.002221
6 29 0 8 -0.002402
6 25 0 8 -0.002434
6 21 0 8 -0.002472
6 24 0 8 -0.002689
6 12 0 8 -0.002796
6 16 0 8 -0.002853
6 19 0 8 -0.002989
3 17 0 8 -0.005939
1 15 0 8 -0.006197
7 19 0 8 -0.007957
17 27 0 8 -0.011245
16 23 0 8 -0.011346
12 23 0 8 -0.012212
4 23 0 8 -0.012282
2 23 0 8 -0.012448
10 23 0 8 -0.012740
9 23 0 8 -0.012761
18 23 0 8 -0.012803
8 23 0 8 -0.012805
23 29 0 8 -0.013039
7 25 0 8 -0.013688
7 24 0 8 -0.013869
17 23 0 8 -0.014007
6 23 0 8 -0.014519
1 23 0 8 -0.014692
5 27 0 8 -0.014996
16 27 0 8 -0.015264
1 17 0 8 -0.015525
12 27 0 8 -0.015713
4 27 0 8 -0.015981
2 27 0 8 -0.016073
13 23 0 8 -0.016129
10 27 0 8 -0.016251
9 27 0 8 -0.016257
8 27 0 8 -0.016277
18 27 0 8 -0.016317
21 27 0 8 -0.016698
13 27 0 8 -0.016964
7 18 0 8 -0.017266
7 21 0 8 -0.017445
7 29 0 8 -0.017654
6 27 0 8 -0.017990
22 27 0 8 -0.018263
3 23 0 8 -0.018916
2 7 0 8 -0.018972
7 26 0 8 -0.019281
11 23 0 8 -0.019951
7 16 0 8 -0.022729
7 12 0 8 -0.023109
20 27 0 8 -0.023257
3 27 0 8 -0.023465
19 27 0 8 -0.025872
1 27 0 8 -0.028517
23 28 0 8 -0.028689
7 13 0 8 -0.031360
7 22 0 8 -0.031380
14 27 0 8 -0.032958
1 7 0 8 -0.034775
7 17 0 8 -0.035135
5 23 0 8 -0.036478
14 23 0 8 -0.039506
7 14 0 8 -0.045694
7 28 0 8 -0.048652
11 27 0 8 -0.062502
7 20 0 8 -0.068313
15 23 0 8 -0.138175
15 27 0 8 -0.146667
