14 15 0 8 651.183044
11 12 0 8 371.011230
11 17 0 8 291.987122
8 10 0 8 291.764343
9 10 0 8 291.763153
8 9 0 8 291.762329
1 2 0 8 275.668610
1 11 0 8 259.508545
22 28 0 8 257.908356
15 20 0 8 212.390442
17 18 0 8 207.906433
1 17 0 8 202.687683
27 29 0 8 201.510086
3 17 0 8 198.459534
20 21 0 8 193.452469
11 15 0 8 125.713814
14 28 0 8 124.984497
15 19 0 8 104.256935
3 15 0 8 100.873604
15 27 0 8 87.249603
7 15 0 8 77.294319
3 11 0 8 63.620499
3 29 0 8 59.750080
11 27 0 8 58.307945
15 16 0 8 56.828209
4 20 0 8 56.660908
23 27 0 8 54.587391
7 27 0 8 50.808449
26 27 0 8 49.879166
15 23 0 8 39.964699
27 28 0 8 37.327988
7 11 0 8 35.615685
11 23 0 8 35.003235
13 25 0 8 33.840385
13 24 0 8 33.840096
4 13 0 8 32.119850
2 17 0 8 31.531038
6 7 0 8 31.396662
16 25 0 8 30.941689
16 24 0 8 30.941191
4 25 0 8 30.530987
4 24 0 8 30.529449
6 13 0 8 29.915606
5 24 0 8 29.041470
5 25 0 8 29.040768
19 25 0 8 28.973948
19 24 0 8 28.973391
4 16 0 8 28.805019
24 25 0 8 28.644432
13 26 0 8 28.492296
6 16 0 8 28.381178
4 5 0 8 28.042171
6 25 0 8 27.324898
6 24 0 8 27.322689
5 6 0 8 26.889963
4 6 0 8 25.024157
13 21 0 8 24.645401
24 26 0 8 24.515184
25 26 0 8 24.513699
5 16 0 8 24.192869
4 26 0 8 24.072311
22 25 0 8 23.733074
22 24 0 8 23.732584
5 13 0 8 23.724636
23 28 0 8 23.477364
6 22 0 8 22.854118
16 21 0 8 22.738075
13 18 0 8 22.348839
6 26 0 8 21.874540
5 26 0 8 21.669397
19 21 0 8 21.650927
4 21 0 8 21.648407
7 23 0 8 21.616501
4 18 0 8 21.597443
16 26 0 8 21.325155
21 24 0 8 20.668179
21 25 0 8 20.667557
18 25 0 8 20.264078
18 24 0 8 20.263964
5 21 0 8 20.137354
5 18 0 8 20.104731
4 19 0 8 19.928131
6 21 0 8 19.920073
5 23 0 8 19.610283
6 18 0 8 19.383539
16 18 0 8 19.323200
18 19 0 8 18.970459
13 29 0 8 18.811666
4 22 0 8 18.717644
13 19 0 8 18.331480
13 16 0 8 18.317064
5 22 0 8 17.771181
22 26 0 8 17.322327
4 29 0 8 17.229885
21 26 0 8 17.051418
13 23 0 8 17.034254
20 23 0 8 16.788950
6 19 0 8 16.630726
18 26 0 8 16.352541
16 29 0 8 16.319429
1 15 0 8 16.140640
5 19 0 8 15.658902
16 22 0 8 15.263803
24 29 0 8 14.781402
25 29 0 8 14.780438
12 13 0 8 14.652839
19 26 0 8 14.630689
21 22 0 8 14.148368
6 29 0 8 14.132262
19 22 0 8 13.856912
18 22 0 8 13.644573
2 13 0 8 13.017252
5 29 0 8 12.842043
19 29 0 8 12.306761
4 12 0 8 12.073482
18 21 0 8 11.606191
5 12 0 8 11.389093
20 25 0 8 11.009271
20 24 0 8 11.009018
12 25 0 8 10.891108
12 24 0 8 10.890432
2 4 0 8 10.563529
6 12 0 8 10.433680
12 19 0 8 10.100913
24 28 0 8 9.792953
25 28 0 8 9.792121
2 16 0 8 9.713874
2 25 0 8 9.473116
2 24 0 8 9.472746
22 29 0 8 8.996547
3 25 0 8 8.981762
3 24 0 8 8.981200
12 16 0 8 8.497204
26 29 0 8 8.268304
12 26 0 8 8.058126
13 22 0 8 6.970278
19 27 0 8 6.944663
19 23 0 8 6.755448
2 5 0 8 6.753472
2 6 0 8 6.612513
6 20 0 8 6.431880
18 29 0 8 6.295405
7 16 0 8 6.264128
9 13 0 8 5.997445
8 13 0 8 5.997319
10 13 0 8 5.997162
2 19 0 8 5.836614
12 22 0 8 5.521101
2 26 0 8 5.331472
2 22 0 8 5.132566
21 29 0 8 5.111066
6 28 0 8 4.674127
3 6 0 8 4.212060
20 27 0 8 3.766599
7 20 0 8 3.559394
3 7 0 8 3.396962
4 28 0 8 3.211425
3 23 0 8 3.042241
8 19 0 8 2.964618
10 19 0 8 2.963425
9 19 0 8 2.963331
12 21 0 8 2.785677
7 28 0 8 2.632952
12 18 0 8 2.525024
14 25 0 8 2.272558
14 24 0 8 2.271615
4 10 0 8 1.865497
4 8 0 8 1.863245
4 9 0 8 1.860608
21 28 0 8 1.829085
5 9 0 8 1.814488
5 8 0 8 1.813654
5 10 0 8 1.812861
10 16 0 8 1.643493
8 16 0 8 1.643299
9 16 0 8 1.641307
2 21 0 8 1.555128
18 28 0 8 1.364922
20 26 0 8 1.084364
10 25 0 8 1.023233
10 24 0 8 1.023179
8 24 0 8 1.022909
8 25 0 8 1.022658
9 25 0 8 1.022378
9 24 0 8 1.021897
6 9 0 8 0.916554
6 10 0 8 0.913329
6 8 0 8 0.912752
3 21 0 8 0.513466
2 18 0 8 0.244508
3 26 0 8 -0.499259
5 28 0 8 -0.585546
3 4 0 8 -0.964377
6 23 0 8 -1.456506
13 28 0 8 -2.068972
12 29 0 8 -2.291886
9 26 0 8 -2.543513
8 26 0 8 -2.543790
10 26 0 8 -2.544204
26 28 0 8 -3.344739
18 20 0 8 -3.548926
7 14 0 8 -3.689403
20 28 0 8 -3.718386
14 26 0 8 -4.358638
1 23 0 8 -4.381820
2 29 0 8 -4.535489
9 22 0 8 -4.810356
10 22 0 8 -4.810437
8 22 0 8 -4.811298
3 18 0 8 -4.989867
20 29 0 8 -5.458964
3 5 0 8 -5.598611
7 26 0 8 -5.653046
6 14 0 8 -5.860498
10 21 0 8 -6.671128
8 21 0 8 -6.671975
9 21 0 8 -6.672588
28 29 0 8 -6.703957
8 18 0 8 -7.293552
10 18 0 8 -7.293925
9 18 0 8 -7.294046
22 23 0 8 -7.738996
2 20 0 8 -7.829877
14 23 0 8 -7.959147
2 11 0 8 -8.285426
2 28 0 8 -8.325762
4 23 0 8 -8.698504
16 28 0 8 -8.802819
2 12 0 8 -8.981177
5 20 0 8 -9.073730
7 12 0 8 -10.071753
12 28 0 8 -10.367354
7 19 0 8 -11.109865
14 21 0 8 -11.505967
7 17 0 8 -11.929375
9 29 0 8 -11.984501
8 29 0 8 -11.984577
10 29 0 8 -11.984663
14 18 0 8 -12.055700
17 23 0 8 -12.660770
1 25 0 8 -12.880850
1 24 0 8 -12.882400
7 13 0 8 -12.946441
16 27 0 8 -13.363849
14 29 0 8 -13.553420
14 16 0 8 -13.960430
1 7 0 8 -13.986567
2 3 0 8 -14.439747
1 4 0 8 -14.852977
4 7 0 8 -15.301291
3 22 0 8 -15.478852
8 28 0 8 -15.834538
9 28 0 8 -15.834608
10 28 0 8 -15.835183
5 7 0 8 -15.839534
2 14 0 8 -15.944599
4 14 0 8 -16.179808
8 12 0 8 -16.737942
10 12 0 8 -16.737980
9 12 0 8 -16.738165
5 27 0 8 -16.988815
1 6 0 8 -16.992743
5 14 0 8 -17.092762
16 23 0 8 -17.219381
3 16 0 8 -17.469324
2 8 0 8 -17.469917
2 9 0 8 -17.469927
2 10 0 8 -17.470041
3 13 0 8 -17.599459
17 27 0 8 -18.139429
8 20 0 8 -18.192303
9 20 0 8 -18.192423
10 20 0 8 -18.192734
23 26 0 8 -18.224716
19 28 0 8 -18.428682
7 22 0 8 -18.515116
1 26 0 8 -18.520458
12 14 0 8 -18.888496
12 20 0 8 -19.022289
2 23 0 8 -19.192596
7 18 0 8 -19.387836
7 24 0 8 -19.677546
7 25 0 8 -19.677563
7 29 0 8 -19.794075
3 10 0 8 -19.804420
3 8 0 8 -19.806082
3 9 0 8 -19.807245
23 24 0 8 -19.870232
23 25 0 8 -19.870306
18 23 0 8 -19.984955
21 23 0 8 -20.045519
1 16 0 8 -20.273672
7 21 0 8 -20.313709
1 5 0 8 -20.330072
2 7 0 8 -20.340904
12 23 0 8 -20.384024
23 29 0 8 -20.605404
1 21 0 8 -20.640657
7 10 0 8 -20.838991
7 9 0 8 -20.839012
7 8 0 8 -20.839025
8 23 0 8 -21.118067
10 23 0 8 -21.118202
9 23 0 8 -21.118658
3 12 0 8 -21.637196
4 17 0 8 -21.847399
17 25 0 8 -21.875240
17 24 0 8 -21.875694
13 27 0 8 -22.329672
16 19 0 8 -22.567011
3 19 0 8 -23.152826
6 17 0 8 -23.743923
14 27 0 8 -24.533398
1 22 0 8 -25.057503
5 17 0 8 -25.093336
1 18 0 8 -25.481489
3 27 0 8 -25.517193
1 13 0 8 -25.725050
14 19 0 8 -25.858934
17 26 0 8 -25.898136
13 20 0 8 -26.291416
11 20 0 8 -26.577766
13 17 0 8 -26.887060
1 19 0 8 -27.074905
8 14 0 8 -27.248981
10 14 0 8 -27.250418
9 14 0 8 -27.250460
1 29 0 8 -27.340742
17 19 0 8 -27.436636
13 15 0 8 -28.162216
13 14 0 8 -28.291044
17 21 0 8 -29.461510
22 27 0 8 -29.653425
17 22 0 8 -30.352459
6 27 0 8 -30.500105
4 27 0 8 -30.807949
11 25 0 8 -31.902136
11 24 0 8 -31.902468
1 27 0 8 -31.933699
19 20 0 8 -32.566216
12 27 0 8 -33.229256
16 17 0 8 -33.557125
16 20 0 8 -34.481594
17 29 0 8 -36.605667
1 9 0 8 -39.187683
1 10 0 8 -39.188477
1 8 0 8 -39.191422
20 22 0 8 -39.307732
24 27 0 8 -39.451351
25 27 0 8 -39.451706
18 27 0 8 -40.323345
10 27 0 8 -40.457314
9 27 0 8 -40.457344
8 27 0 8 -40.457420
21 27 0 8 -40.544231
11 21 0 8 -41.037800
2 27 0 8 -41.085999
1 12 0 8 -42.167713
1 14 0 8 -44.452175
1 28 0 8 -44.796616
6 11 0 8 -45.462990
3 14 0 8 -46.924377
9 17 0 8 -47.153900
8 17 0 8 -47.154617
10 17 0 8 -47.156456
17 28 0 8 -47.479504
11 26 0 8 -47.722858
5 15 0 8 -48.469181
11 29 0 8 -48.727982
14 22 0 8 -52.364616
12 17 0 8 -52.957355
1 20 0 8 -53.927349
11 18 0 8 -54.857250
3 28 0 8 -55.415157
4 11 0 8 -56.266644
8 11 0 8 -60.420216
9 11 0 8 -60.420593
10 11 0 8 -60.421360
5 11 0 8 -60.544773
15 26 0 8 -60.551933
15 29 0 8 -61.514336
17 20 0 8 -63.765530
14 17 0 8 -64.317810
1 3 0 8 -69.359673
3 20 0 8 -69.930092
2 15 0 8 -71.005600
11 22 0 8 -78.184265
12 15 0 8 -80.935745
15 28 0 8 -83.514305
15 22 0 8 -87.346924
15 24 0 8 -90.726906
15 25 0 8 -90.727432
14 20 0 8 -91.842491
15 21 0 8 -95.448013
11 16 0 8 -95.531258
15 18 0 8 -99.322433
9 15 0 8 -102.417168
8 15 0 8 -102.417450
10 15 0 8 -102.417595
11 13 0 8 -103.810326
6 15 0 8 -115.821701
11 28 0 8 -117.332726
15 17 0 8 -122.365097
4 15 0 8 -125.826782
11 19 0 8 -126.562180
11 14 0 8 -161.606628
