 50   59  0  8  1.00
 23   41  0  8  1.00
 19   63  0  8  1.00
 19   60  0  8  1.00
 19   41  0  8  1.00
 38   50  0  8  0.99
 38   59  0  8  0.98
 23   60  0  8  0.97
 23   37  0  8  0.96
 19   38  0  8  0.96
 19   42  0  8  0.95
 22   60  0  8  0.93
 23   38  0  8  0.92
 22   37  0  8  0.89
 19   64  0  8  0.87
 41   47  0  8  0.85
 41   60  0  8  0.84
 41   59  0  8  0.84
 38   60  0  8  0.84
 50   56  0  8  0.83
 19   37  0  8  0.83
 19   34  0  8  0.83
 19   59  0  8  0.82
 42   59  0  8  0.82
 37   59  0  8  0.82
 23   34  0  8  0.82
 47   60  0  8  0.81
 40   47  0  8  0.80
 23   59  0  8  0.77
 41   50  0  8  0.77
 50   60  0  8  0.74
 37   60  0  8  0.74
 19   47  0  8  0.73
 49   56  0  8  0.73
 41   49  0  8  0.73
 38   56  0  8  0.72
 37   50  0  8  0.72
 50   57  0  8  0.70
 41   48  0  8  0.69
 28   40  0  8  0.69
 49   55  0  8  0.68
 42   48  0  8  0.68
 41   56  0  8  0.68
 23   40  0  8  0.67
 42   49  0  8  0.67
 34   60  0  8  0.67
 22   59  0  8  0.67
 19   50  0  8  0.67
 50   58  0  8  0.66
 40   46  0  8  0.66
 22   28  0  8  0.65
 19   28  0  8  0.65
 20   41  0  8  0.65
 23   30  0  8  0.63
 42   60  0  8  0.62
 23   29  0  8  0.62
 22   34  0  8  0.61
 20   28  0  8  0.61
 19   30  0  8  0.61
 24   30  0  8  0.61
 47   59  0  8  0.61
 20   42  0  8  0.61
 23   47  0  8  0.60
 23   31  0  8  0.60
 23   36  0  8  0.60
 16   41  0  8  0.60
 42   56  0  8  0.59
 37   49  0  8  0.59
 23   63  0  8  0.59
 34   59  0  8  0.58
 16   59  0  8  0.57
 38   49  0  8  0.57
 44   59  0  8  0.56
 28   37  0  8  0.56
 23   32  0  8  0.55
 20   30  0  8  0.55
 22   63  0  8  0.55
 45   60  0  8  0.55
 19   40  0  8  0.55
 38   47  0  8  0.54
 28   34  0  8  0.54
 38   58  0  8  0.54
 23   35  0  8  0.54
 47   56  0  8  0.54
 28   35  0  8  0.54
 16   44  0  8  0.53
  8   14  0  8  0.53
 38   46  0  8  0.53
 16   40  0  8  0.53
 15   60  0  8  0.53
 28   38  0  8  0.52
 10   18  0  8  0.52
 34   50  0  8  0.52
 40   49  0  8  0.51
 37   47  0  8  0.51
 28   36  0  8  0.51
 16   42  0  8  0.51
 20   34  0  8  0.51
 48   55  0  8  0.51
 42   50  0  8  0.51
 30   36  0  8  0.51
 45   59  0  8  0.50
 38   51  0  8  0.50
 23   42  0  8  0.50
 20   38  0  8  0.50
  9   15  0  8  0.49
 51   59  0  8  0.49
 20   40  0  8  0.49
 22   64  0  8  0.49
 41   63  0  8  0.48
 16   38  0  8  0.48
 40   50  0  8  0.48
 38   44  0  8  0.48
 23   33  0  8  0.48
 23   64  0  8  0.48
 48   60  0  8  0.48
 31   37  0  8  0.48
 29   37  0  8  0.48
 38   63  0  8  0.47
 43   49  0  8  0.47
 41   51  0  8  0.46
 40   48  0  8  0.46
 29   36  0  8  0.46
 28   41  0  8  0.46
 16   46  0  8  0.46
 41   64  0  8  0.45
 34   47  0  8  0.45
 48   56  0  8  0.45
 44   50  0  8  0.45
 39   50  0  8  0.45
 39   45  0  8  0.45
 19   62  0  8  0.45
 19   61  0  8  0.45
 16   47  0  8  0.45
 44   60  0  8  0.45
  9   18  0  8  0.45
 39   47  0  8  0.45
 23   50  0  8  0.44
 19   44  0  8  0.44
 51   57  0  8  0.44
 30   37  0  8  0.44
 47   63  0  8  0.44
 41   55  0  8  0.44
 40   60  0  8  0.44
 40   59  0  8  0.44
 37   63  0  8  0.44
 15   63  0  8  0.44
  8   15  0  8  0.43
 48   59  0  8  0.43
 50   63  0  8  0.43
 38   45  0  8  0.43
 20   64  0  8  0.43
 18   60  0  8  0.43
 16   64  0  8  0.43
 15   50  0  8  0.43
 34   56  0  8  0.42
 24   37  0  8  0.42
 22   41  0  8  0.42
 22   38  0  8  0.42
 50   61  0  8  0.42
 19   67  0  8  0.42
 16   60  0  8  0.42
 49   59  0  8  0.42
 37   56  0  8  0.42
 20   37  0  8  0.42
 38   64  0  8  0.41
 16   50  0  8  0.41
 16   45  0  8  0.41
 45   51  0  8  0.41
 46   59  0  8  0.41
 19   56  0  8  0.40
 15   38  0  8  0.40
 15   59  0  8  0.40
 39   59  0  8  0.39
 16   39  0  8  0.39
 51   58  0  8  0.39
 29   35  0  8  0.39
 16   67  0  8  0.39
 15   41  0  8  0.39
  7   13  0  8  0.39
 48   54  0  8  0.39
 44   56  0  8  0.39
 42   63  0  8  0.39
 28   59  0  8  0.38
 46   52  0  8  0.38
 39   49  0  8  0.38
 39   46  0  8  0.38
 26   37  0  8  0.38
 38   61  0  8  0.37
 34   63  0  8  0.37
 38   57  0  8  0.36
 20   59  0  8  0.36
 16   62  0  8  0.36
 41   53  0  8  0.36
 22   30  0  8  0.35
 16   63  0  8  0.35
 15   64  0  8  0.35
 28   47  0  8  0.35
 15   34  0  8  0.35
 10   17  0  8  0.35
 35   59  0  8  0.34
 23   49  0  8  0.34
 19   49  0  8  0.34
 16   37  0  8  0.34
 15   42  0  8  0.34
 22   32  0  8  0.33
 21   28  0  8  0.33
 20   29  0  8  0.33
 47   61  0  8  0.33
 46   60  0  8  0.33
 24   41  0  8  0.33
 24   36  0  8  0.33
 20   32  0  8  0.33
 19   32  0  8  0.33
 20   60  0  8  0.32
 20   44  0  8  0.32
 43   59  0  8  0.32
  7   14  0  8  0.32
 35   60  0  8  0.31
 15   49  0  8  0.31
 50   62  0  8  0.31
 23   39  0  8  0.31
 49   60  0  8  0.31
 26   32  0  8  0.31
 23   56  0  8  0.31
 20   47  0  8  0.31
 18   63  0  8  0.31
 15   44  0  8  0.31
 47   55  0  8  0.30
 47   53  0  8  0.30
 38   48  0  8  0.30
 22   29  0  8  0.30
 41   61  0  8  0.30
 19   33  0  8  0.30
 16   34  0  8  0.30
 38   67  0  8  0.30
 19   46  0  8  0.30
 16   49  0  8  0.30
 12   42  0  8  0.30
 52   59  0  8  0.30
 32   38  0  8  0.30
 44   51  0  8  0.29
 19   26  0  8  0.29
 34   64  0  8  0.29
 15   62  0  8  0.29
 15   47  0  8  0.29
 12   40  0  8  0.29
 41   58  0  8  0.29
 34   49  0  8  0.29
 60   67  0  8  0.29
 20   46  0  8  0.28
 41   57  0  8  0.28
 38   52  0  8  0.28
 10   16  0  8  0.28
 30   59  0  8  0.27
 28   63  0  8  0.27
 18   59  0  8  0.27
 16   61  0  8  0.27
 15   56  0  8  0.27
 32   40  0  8  0.27
 38   53  0  8  0.27
 36   59  0  8  0.27
 28   50  0  8  0.27
 43   50  0  8  0.27
 24   31  0  8  0.27
 11   18  0  8  0.27
 23   61  0  8  0.27
 16   65  0  8  0.27
 42   64  0  8  0.27
 35   47  0  8  0.27
 20   33  0  8  0.27
 32   39  0  8  0.26
 22   47  0  8  0.26
 17   67  0  8  0.26
 16   43  0  8  0.26
 28   46  0  8  0.26
 18   41  0  8  0.26
 18   38  0  8  0.26
 45   56  0  8  0.26
  3    9  0  8  0.26
 37   44  0  8  0.26
 27   37  0  8  0.26
 20   27  0  8  0.26
 20   63  0  8  0.25
 16   56  0  8  0.25
 15   61  0  8  0.25
 12   59  0  8  0.25
 12   39  0  8  0.25
 40   53  0  8  0.25
 39   60  0  8  0.25
 39   51  0  8  0.25
 37   57  0  8  0.25
 36   56  0  8  0.25
 33   40  0  8  0.25
 24   40  0  8  0.25
 15   22  0  8  0.25
 22   50  0  8  0.24
 18   49  0  8  0.24
 15   67  0  8  0.24
  7   15  0  8  0.24
 59   66  0  8  0.24
 57   64  0  8  0.24
 39   48  0  8  0.24
 50   64  0  8  0.24
 44   61  0  8  0.24
 41   62  0  8  0.24
 35   56  0  8  0.24
 28   44  0  8  0.24
 56   63  0  8  0.24
 34   41  0  8  0.24
 24   32  0  8  0.24
  9   49  0  8  0.24
  9   42  0  8  0.24
 37   64  0  8  0.24
 28   60  0  8  0.24
 20   45  0  8  0.24
 16   69  0  8  0.24
 16   51  0  8  0.24
 12   65  0  8  0.24
 12   41  0  8  0.24
 40   63  0  8  0.23
 28   49  0  8  0.23
 26   41  0  8  0.23
 35   42  0  8  0.23
 29   40  0  8  0.23
 26   36  0  8  0.23
 22   31  0  8  0.23
 19   48  0  8  0.23
 16   68  0  8  0.23
 15   40  0  8  0.23
 12   67  0  8  0.23
 37   53  0  8  0.23
 26   47  0  8  0.23
 25   44  0  8  0.23
 25   37  0  8  0.23
 24   42  0  8  0.23
 19   39  0  8  0.23
  8   18  0  8  0.23
 58   64  0  8  0.23
 37   43  0  8  0.23
 33   59  0  8  0.22
 30   56  0  8  0.22
 26   50  0  8  0.22
 19   65  0  8  0.22
 19   57  0  8  0.22
 18   64  0  8  0.22
 17   64  0  8  0.22
 49   57  0  8  0.22
 26   34  0  8  0.22
 44   63  0  8  0.22
 27   47  0  8  0.22
 23   46  0  8  0.22
 53   60  0  8  0.21
 48   57  0  8  0.21
 46   56  0  8  0.21
 41   52  0  8  0.21
 36   44  0  8  0.21
 21   27  0  8  0.21
  9   59  0  8  0.21
  5   69  0  8  0.21
 30   60  0  8  0.21
  2   40  0  8  0.21
 23   67  0  8  0.21
 18   67  0  8  0.21
 15   65  0  8  0.21
 14   60  0  8  0.21
 13   50  0  8  0.21
 12   43  0  8  0.21
 39   56  0  8  0.21
 26   48  0  8  0.21
 24   45  0  8  0.21
 63   69  0  8  0.21
 31   38  0  8  0.21
 16   23  0  8  0.21
 41   67  0  8  0.21
 32   59  0  8  0.21
 20   65  0  8  0.21
 20   49  0  8  0.21
 18   50  0  8  0.21
 17   50  0  8  0.21
 14   50  0  8  0.21
 11   55  0  8  0.21
 42   61  0  8  0.20
 40   56  0  8  0.20
 37   58  0  8  0.20
 35   50  0  8  0.20
 28   48  0  8  0.20
 26   49  0  8  0.20
 26   40  0  8  0.20
 25   41  0  8  0.20
 25   40  0  8  0.20
 20   36  0  8  0.20
 62   68  0  8  0.20
 61   68  0  8  0.20
 52   58  0  8  0.20
 45   52  0  8  0.20
 37   46  0  8  0.20
 27   33  0  8  0.20
  9   41  0  8  0.20
  5   68  0  8  0.20
 28   67  0  8  0.20
 25   49  0  8  0.20
 24   64  0  8  0.20
 17   63  0  8  0.20
 16   58  0  8  0.20
 12   44  0  8  0.20
 11   49  0  8  0.20
 10   49  0  8  0.20
 10   41  0  8  0.20
 38   55  0  8  0.20
 32   50  0  8  0.20
 30   53  0  8  0.20
 25   46  0  8  0.20
 24   44  0  8  0.20
 23   44  0  8  0.20
 20   35  0  8  0.20
 18   37  0  8  0.20
 18   34  0  8  0.20
  2    8  0  8  0.20
 27   34  0  8  0.20
 28   65  0  8  0.19
 26   64  0  8  0.19
 23   62  0  8  0.19
 19   45  0  8  0.19
 18   65  0  8  0.19
 16   66  0  8  0.19
 15   46  0  8  0.19
 12   63  0  8  0.19
 11   56  0  8  0.19
 11   50  0  8  0.19
  9   16  0  8  0.19
 60   66  0  8  0.19
 57   63  0  8  0.19
 53   59  0  8  0.19
 36   43  0  8  0.19
 12   19  0  8  0.19
 11   17  0  8  0.19
 35   49  0  8  0.19
 31   51  0  8  0.19
 19   31  0  8  0.19
 56   62  0  8  0.18
 12   18  0  8  0.18
 10   19  0  8  0.18
  9   64  0  8  0.18
 40   64  0  8  0.18
  3   68  0  8  0.18
  3   47  0  8  0.18
  3   44  0  8  0.18
  2   67  0  8  0.18
 24   67  0  8  0.18
 22   67  0  8  0.18
 15   58  0  8  0.18
 15   57  0  8  0.18
 14   65  0  8  0.18
 13   63  0  8  0.18
 12   53  0  8  0.18
 11   44  0  8  0.18
 47   62  0  8  0.18
 44   58  0  8  0.18
 40   52  0  8  0.18
 37   51  0  8  0.18
 35   57  0  8  0.18
  3   15  0  8  0.18
 30   50  0  8  0.18
 28   45  0  8  0.18
 26   46  0  8  0.18
 25   47  0  8  0.18
 19   36  0  8  0.18
 15   37  0  8  0.18
 61   67  0  8  0.18
 58   65  0  8  0.18
 48   58  0  8  0.18
 47   58  0  8  0.18
 27   36  0  8  0.18
 15   21  0  8  0.18
  9   53  0  8  0.18
  9   47  0  8  0.18
  8   52  0  8  0.18
  8   49  0  8  0.18
  7   66  0  8  0.18
  5   67  0  8  0.18
  3   67  0  8  0.18
  3   65  0  8  0.18
 32   60  0  8  0.18
  2   47  0  8  0.18
 24   49  0  8  0.18
  2   43  0  8  0.18
  2   42  0  8  0.18
 22   49  0  8  0.18
 20   67  0  8  0.18
 20   61  0  8  0.18
 17   41  0  8  0.18
 15   51  0  8  0.18
 14   67  0  8  0.18
 14   41  0  8  0.18
 11   45  0  8  0.18
 10   59  0  8  0.18
 10   58  0  8  0.18
 48   61  0  8  0.17
 31   53  0  8  0.17
 27   43  0  8  0.17
 25   45  0  8  0.17
 24   47  0  8  0.17
 22   40  0  8  0.17
 59   65  0  8  0.17
 54   60  0  8  0.17
 47   57  0  8  0.17
 43   51  0  8  0.17
  4   10  0  8  0.17
  2    9  0  8  0.17
 19   25  0  8  0.17
  9   50  0  8  0.17
  7   40  0  8  0.17
  6   65  0  8  0.17
  3   49  0  8  0.17
  3   48  0  8  0.17
  3   41  0  8  0.17
  2   64  0  8  0.17
  2   44  0  8  0.17
 20   50  0  8  0.17
 20   48  0  8  0.17
 15   68  0  8  0.17
 13   44  0  8  0.17
 12   62  0  8  0.17
 12   49  0  8  0.17
 11   46  0  8  0.17
 10   63  0  8  0.17
 52   60  0  8  0.17
  5   18  0  8  0.17
 48   63  0  8  0.17
 47   64  0  8  0.17
 36   50  0  8  0.17
 36   49  0  8  0.17
 33   39  0  8  0.17
 30   47  0  8  0.17
 29   44  0  8  0.17
 28   39  0  8  0.17
 22   36  0  8  0.17
  2   18  0  8  0.17
 20   43  0  8  0.17
 18   24  0  8  0.17
 62   69  0  8  0.16
 56   64  0  8  0.16
 34   40  0  8  0.16
 18   25  0  8  0.16
  1    7  0  8  0.16
  9   38  0  8  0.16
  7   69  0  8  0.16
 37   62  0  8  0.16
  3   46  0  8  0.16
  3   42  0  8  0.16
 29   59  0  8  0.16
 28   53  0  8  0.16
 26   60  0  8  0.16
  2   59  0  8  0.16
 25   67  0  8  0.16
 24   59  0  8  0.16
 24   50  0  8  0.16
 18   42  0  8  0.16
 17   42  0  8  0.16
 16   57  0  8  0.16
 16   53  0  8  0.16
 15   55  0  8  0.16
 15   39  0  8  0.16
 14   64  0  8  0.16
 12   47  0  8  0.16
 12   46  0  8  0.16
 12   37  0  8  0.16
 10   65  0  8  0.16
 46   63  0  8  0.16
 45   63  0  8  0.16
 45   61  0  8  0.16
 44   67  0  8  0.16
 44   57  0  8  0.16
 43   56  0  8  0.16
 42   55  0  8  0.16
 37   52  0  8  0.16
 35   48  0  8  0.16
 31   47  0  8  0.16
 28   42  0  8  0.16
 19   35  0  8  0.16
  6   15  0  8  0.15
 49   58  0  8  0.15
 37   48  0  8  0.15
 31   40  0  8  0.15
 29   38  0  8  0.15
 24   34  0  8  0.15
 20   26  0  8  0.15
  9   63  0  8  0.15
  8   46  0  8  0.15
  7   53  0  8  0.15
  7   47  0  8  0.15
  7   41  0  8  0.15
  5   66  0  8  0.15
  4   69  0  8  0.15
 42   67  0  8  0.15
  3   66  0  8  0.15
  3   64  0  8  0.15
  3   40  0  8  0.15
  3   39  0  8  0.15
 29   53  0  8  0.15
 28   66  0  8  0.15
 28   52  0  8  0.15
  2   68  0  8  0.15
 26   53  0  8  0.15
 22   65  0  8  0.15
 21   67  0  8  0.15
 20   56  0  8  0.15
  1   67  0  8  0.15
 16   48  0  8  0.15
 14   59  0  8  0.15
  1   40  0  8  0.15
 13   67  0  8  0.15
 13   41  0  8  0.15
 13   38  0  8  0.15
 12   38  0  8  0.15
 11   68  0  8  0.15
 11   52  0  8  0.15
 11   42  0  8  0.15
 49   63  0  8  0.15
 42   57  0  8  0.15
  3   18  0  8  0.15
 31   52  0  8  0.15
 29   49  0  8  0.15
 27   45  0  8  0.15
 25   48  0  8  0.15
  2   15  0  8  0.15
 16   36  0  8  0.15
 12   33  0  8  0.15
  7   18  0  8  0.15
 55   61  0  8  0.15
 51   60  0  8  0.15
 47   54  0  8  0.15
 40   51  0  8  0.15
 22   33  0  8  0.15
 16   22  0  8  0.15
  9   58  0  8  0.14
  7   64  0  8  0.14
 40   67  0  8  0.14
 36   64  0  8  0.14
 36   60  0  8  0.14
  3   43  0  8  0.14
 31   60  0  8  0.14
 30   64  0  8  0.14
 30   63  0  8  0.14
 28   56  0  8  0.14
 26   63  0  8  0.14
 26   61  0  8  0.14
 24   60  0  8  0.14
  2   41  0  8  0.14
 23   65  0  8  0.14
 23   48  0  8  0.14
 21   63  0  8  0.14
 21   60  0  8  0.14
 20   62  0  8  0.14
 18   66  0  8  0.14
 17   66  0  8  0.14
 17   65  0  8  0.14
 15   53  0  8  0.14
 14   68  0  8  0.14
 12   68  0  8  0.14
 12   60  0  8  0.14
 12   55  0  8  0.14
 11   60  0  8  0.14
 11   48  0  8  0.14
 11   37  0  8  0.14
 10   60  0  8  0.14
 10   54  0  8  0.14
 45   58  0  8  0.14
 42   58  0  8  0.14
 34   57  0  8  0.14
 33   56  0  8  0.14
 30   52  0  8  0.14
 29   50  0  8  0.14
 28   43  0  8  0.14
 27   46  0  8  0.14
 24   46  0  8  0.14
  2   14  0  8  0.14
 18   40  0  8  0.14
 16   35  0  8  0.14
 59   67  0  8  0.14
 57   65  0  8  0.14
  5   11  0  8  0.14
 35   41  0  8  0.14
  3   10  0  8  0.14
 19   29  0  8  0.14
 13   20  0  8  0.14
  9   52  0  8  0.14
  9   37  0  8  0.14
  8   59  0  8  0.14
  7   63  0  8  0.14
  7   46  0  8  0.14
  6   47  0  8  0.14
  6   45  0  8  0.14
  5   40  0  8  0.14
 43   67  0  8  0.14
 38   65  0  8  0.14
 38   62  0  8  0.14
 34   61  0  8  0.14
  3   45  0  8  0.14
  3   27  0  8  0.14
 31   61  0  8  0.14
 28   64  0  8  0.14
 27   67  0  8  0.14
 27   63  0  8  0.14
  2   66  0  8  0.14
 25   50  0  8  0.14
 23   58  0  8  0.14
 22   62  0  8  0.14
 20   68  0  8  0.14
 19   68  0  8  0.14
 19   58  0  8  0.14
 17   49  0  8  0.14
 15   52  0  8  0.14
 15   48  0  8  0.14
 15   45  0  8  0.14
  1   48  0  8  0.14
 14   58  0  8  0.14
 14   57  0  8  0.14
 14   49  0  8  0.14
 12   51  0  8  0.14
 11   64  0  8  0.14
 11   57  0  8  0.14
 11   47  0  8  0.14
 11   41  0  8  0.14
 11   38  0  8  0.14
  9   17  0  8  0.14
 54   62  0  8  0.14
 54   61  0  8  0.14
 44   52  0  8  0.14
 36   47  0  8  0.14
 36   42  0  8  0.14
 34   42  0  8  0.14
 26   33  0  8  0.14
 25   36  0  8  0.14
 25   32  0  8  0.14
 14   20  0  8  0.14
 48   62  0  8  0.14
 45   64  0  8  0.14
 45   62  0  8  0.14
 38   54  0  8  0.14
 33   50  0  8  0.14
 32   49  0  8  0.14
 30   48  0  8  0.14
 29   51  0  8  0.14
 29   48  0  8  0.14
 21   41  0  8  0.14
 42   52  0  8  0.13
 35   44  0  8  0.13
 17   23  0  8  0.13
  9   55  0  8  0.13
  9   48  0  8  0.13
  8   50  0  8  0.13
  7   68  0  8  0.13
  7   42  0  8  0.13
  6   68  0  8  0.13
  6   64  0  8  0.13
  6   56  0  8  0.13
  6   53  0  8  0.13
  6   51  0  8  0.13
  6   46  0  8  0.13
  5   65  0  8  0.13
  5   50  0  8  0.13
  5   43  0  8  0.13
  4   67  0  8  0.13
  4   55  0  8  0.13
  4   48  0  8  0.13
 37   61  0  8  0.13
 33   60  0  8  0.13
 31   63  0  8  0.13
 31   62  0  8  0.13
 29   56  0  8  0.13
 28   68  0  8  0.13
 26   67  0  8  0.13
 26   59  0  8  0.13
 25   65  0  8  0.13
 25   59  0  8  0.13
  2   46  0  8  0.13
  2   35  0  8  0.13
  2   27  0  8  0.13
 20   53  0  8  0.13
 19   53  0  8  0.13
 18   68  0  8  0.13
 18   47  0  8  0.13
 16   55  0  8  0.13
 16   54  0  8  0.13
 14   63  0  8  0.13
 13   59  0  8  0.13
 13   52  0  8  0.13
 12   69  0  8  0.13
 12   66  0  8  0.13
 12   61  0  8  0.13
 12   50  0  8  0.13
 12   48  0  8  0.13
 11   58  0  8  0.13
 11   40  0  8  0.13
 10   56  0  8  0.13
 10   47  0  8  0.13
 10   42  0  8  0.13
 10   40  0  8  0.13
 10   38  0  8  0.13
 48   64  0  8  0.13
 41   54  0  8  0.13
 40   62  0  8  0.13
 39   54  0  8  0.13
 36   48  0  8  0.13
 35   58  0  8  0.13
 34   46  0  8  0.13
 32   52  0  8  0.13
 32   47  0  8  0.13
 31   50  0  8  0.13
 30   49  0  8  0.13
 29   41  0  8  0.13
 27   50  0  8  0.13
 27   40  0  8  0.13
 26   45  0  8  0.13
 26   39  0  8  0.13
 23   43  0  8  0.13
 22   42  0  8  0.13
  2   22  0  8  0.13
 20   39  0  8  0.13
 55   62  0  8  0.12
 46   53  0  8  0.12
 32   41  0  8  0.12
 20   31  0  8  0.12
 14   21  0  8  0.12
 11   19  0  8  0.12
  9   67  0  8  0.12
  7   56  0  8  0.12
  7   49  0  8  0.12
  6   67  0  8  0.12
  6   66  0  8  0.12
  6   52  0  8  0.12
  6   49  0  8  0.12
  6   43  0  8  0.12
  5   44  0  8  0.12
  4   68  0  8  0.12
  4   65  0  8  0.12
  4   51  0  8  0.12
  4   47  0  8  0.12
  4   46  0  8  0.12
  4   42  0  8  0.12
 41   68  0  8  0.12
 41   66  0  8  0.12
 37   67  0  8  0.12
 36   63  0  8  0.12
 30   61  0  8  0.12
 28   58  0  8  0.12
 25   56  0  8  0.12
  2   53  0  8  0.12
 19   66  0  8  0.12
 15   66  0  8  0.12
 13   68  0  8  0.12
 13   54  0  8  0.12
 13   49  0  8  0.12
 13   40  0  8  0.12
 12   64  0  8  0.12
 11   65  0  8  0.12
 10   67  0  8  0.12
 10   62  0  8  0.12
 10   51  0  8  0.12
 10   50  0  8  0.12
 10   44  0  8  0.12
 10   37  0  8  0.12
 45   65  0  8  0.12
 43   60  0  8  0.12
 40   61  0  8  0.12
 37   55  0  8  0.12
 36   58  0  8  0.12
 35   52  0  8  0.12
 35   51  0  8  0.12
 34   51  0  8  0.12
 32   46  0  8  0.12
 29   52  0  8  0.12
 29   45  0  8  0.12
 27   49  0  8  0.12
 26   44  0  8  0.12
 26   38  0  8  0.12
 25   39  0  8  0.12
 21   37  0  8  0.12
  1   13  0  8  0.12
 61   69  0  8  0.12
  6   14  0  8  0.12
  6   12  0  8  0.12
  5   12  0  8  0.12
 44   55  0  8  0.12
 42   51  0  8  0.12
  2   10  0  8  0.12
 14   22  0  8  0.12
 12   20  0  8  0.12
  9   62  0  8  0.11
  9   51  0  8  0.11
  9   46  0  8  0.11
  9   44  0  8  0.11
  8   56  0  8  0.11
  8   51  0  8  0.11
  8   41  0  8  0.11
  8   40  0  8  0.11
  7   65  0  8  0.11
  7   50  0  8  0.11
  7   45  0  8  0.11
  6   63  0  8  0.11
  6   48  0  8  0.11
  6   41  0  8  0.11
  6   40  0  8  0.11
  6   39  0  8  0.11
 40   68  0  8  0.11
 39   64  0  8  0.11
 35   64  0  8  0.11
 35   63  0  8  0.11
 31   65  0  8  0.11
 31   57  0  8  0.11
 31   56  0  8  0.11
 30   57  0  8  0.11
 26   66  0  8  0.11
  2   60  0  8  0.11
 25   51  0  8  0.11
  2   45  0  8  0.11
  2   39  0  8  0.11
  2   28  0  8  0.11
 21   59  0  8  0.11
 20   66  0  8  0.11
 20   57  0  8  0.11
 19   43  0  8  0.11
 18   62  0  8  0.11
 17   68  0  8  0.11
 17   59  0  8  0.11
 17   45  0  8  0.11
 16   52  0  8  0.11
 14   66  0  8  0.11
 14   52  0  8  0.11
 13   65  0  8  0.11
 13   55  0  8  0.11
 13   42  0  8  0.11
  1   27  0  8  0.11
 12   58  0  8  0.11
 12   52  0  8  0.11
 12   45  0  8  0.11
 11   67  0  8  0.11
 11   63  0  8  0.11
 10   53  0  8  0.11
 46   58  0  8  0.11
 44   64  0  8  0.11
 42   62  0  8  0.11
 42   54  0  8  0.11
 40   55  0  8  0.11
 39   58  0  8  0.11
 33   51  0  8  0.11
 33   49  0  8  0.11
  3   25  0  8  0.11
 32   48  0  8  0.11
 30   51  0  8  0.11
 30   46  0  8  0.11
 30   44  0  8  0.11
 29   47  0  8  0.11
 29   46  0  8  0.11
 29   42  0  8  0.11
 26   43  0  8  0.11
 26   42  0  8  0.11
  2   21  0  8  0.11
 21   40  0  8  0.11
 21   38  0  8  0.11
 17   34  0  8  0.11
 60   68  0  8  0.11
 37   45  0  8  0.11
 31   39  0  8  0.11
 30   41  0  8  0.11
 25   34  0  8  0.11
  5   14  0  8  0.11
 42   53  0  8  0.11
  3   11  0  8  0.11
 26   35  0  8  0.11
 19   27  0  8  0.11
  1    9  0  8  0.11
 17   24  0  8  0.11
 13   19  0  8  0.11
  9   68  0  8  0.11
  9   40  0  8  0.11
  8   65  0  8  0.11
  8   39  0  8  0.11
  7   67  0  8  0.11
  7   48  0  8  0.11
  6   62  0  8  0.11
  6   42  0  8  0.11
  5   48  0  8  0.11
  5   38  0  8  0.11
  4   64  0  8  0.11
  4   44  0  8  0.11
 41   69  0  8  0.11
 36   62  0  8  0.11
 32   63  0  8  0.11
 30   58  0  8  0.11
 30   55  0  8  0.11
 29   64  0  8  0.11
 29   63  0  8  0.11
 29   57  0  8  0.11
 29   55  0  8  0.11
 28   61  0  8  0.11
 27   68  0  8  0.11
 26   65  0  8  0.11
 26   51  0  8  0.11
  2   57  0  8  0.11
 25   68  0  8  0.11
 25   63  0  8  0.11
  2   51  0  8  0.11
  2   37  0  8  0.11
 23   57  0  8  0.11
  2   26  0  8  0.11
 21   50  0  8  0.11
 20   58  0  8  0.11
 18   61  0  8  0.11
 18   45  0  8  0.11
  1   68  0  8  0.11
 14   61  0  8  0.11
 14   47  0  8  0.11
  1   43  0  8  0.11
 13   62  0  8  0.11
 13   61  0  8  0.11
 13   47  0  8  0.11
 11   62  0  8  0.11
 11   59  0  8  0.11
 11   54  0  8  0.11
 10   55  0  8  0.11
 10   39  0  8  0.11
 48   66  0  8  0.11
 46   61  0  8  0.11
 45   57  0  8  0.11
 44   66  0  8  0.11
 42   65  0  8  0.11
 40   58  0  8  0.11
 36   51  0  8  0.11
 27   44  0  8  0.11
 24   39  0  8  0.11
 23   45  0  8  0.11
  2   19  0  8  0.11
 16   28  0  8  0.11
 25   31  0  8  0.10
  1    8  0  8  0.10
  9   56  0  8  0.10
  9   45  0  8  0.10
  8   67  0  8  0.10
  8   66  0  8  0.10
  8   64  0  8  0.10
  8   53  0  8  0.10
  8   47  0  8  0.10
  8   44  0  8  0.10
  7   38  0  8  0.10
  5   62  0  8  0.10
  5   49  0  8  0.10
  5   47  0  8  0.10
  4   38  0  8  0.10
 41   65  0  8  0.10
 39   66  0  8  0.10
 35   62  0  8  0.10
 34   62  0  8  0.10
 31   64  0  8  0.10
 29   67  0  8  0.10
 29   60  0  8  0.10
 28   69  0  8  0.10
 27   66  0  8  0.10
 27   60  0  8  0.10
 25   62  0  8  0.10
 25   60  0  8  0.10
  2   50  0  8  0.10
  2   49  0  8  0.10
 24   65  0  8  0.10
  2   38  0  8  0.10
 22   61  0  8  0.10
  1   65  0  8  0.10
 15   69  0  8  0.10
  1   54  0  8  0.10
 14   53  0  8  0.10
  1   45  0  8  0.10
  1   42  0  8  0.10
 13   66  0  8  0.10
 13   60  0  8  0.10
 12   54  0  8  0.10
 11   51  0  8  0.10
 10   68  0  8  0.10
 10   52  0  8  0.10
 10   46  0  8  0.10
  6   18  0  8  0.10
 48   68  0  8  0.10
 46   64  0  8  0.10
 45   67  0  8  0.10
  4   18  0  8  0.10
 39   52  0  8  0.10
 35   53  0  8  0.10
 34   48  0  8  0.10
 33   47  0  8  0.10
 32   53  0  8  0.10
 31   49  0  8  0.10
 30   42  0  8  0.10
 28   51  0  8  0.10
 27   48  0  8  0.10
 25   42  0  8  0.10
 24   38  0  8  0.10
  2   24  0  8  0.10
 18   39  0  8  0.10
  1   18  0  8  0.10
  1   17  0  8  0.10
 11   34  0  8  0.10
 11   33  0  8  0.10
 33   41  0  8  0.10
 24   33  0  8  0.10
  9   65  0  8  0.09
  9   60  0  8  0.09
  9   57  0  8  0.09
  9   36  0  8  0.09
  9   34  0  8  0.09
  8   48  0  8  0.09
  7   59  0  8  0.09
  7   58  0  8  0.09
  7   39  0  8  0.09
  6   58  0  8  0.09
  6   50  0  8  0.09
  6   38  0  8  0.09
  5   59  0  8  0.09
  4   58  0  8  0.09
  4   57  0  8  0.09
 42   66  0  8  0.09
 40   65  0  8  0.09
 39   63  0  8  0.09
  3   61  0  8  0.09
  3   59  0  8  0.09
  3   38  0  8  0.09
  3   32  0  8  0.09
 32   58  0  8  0.09
 31   59  0  8  0.09
 31   58  0  8  0.09
 31   55  0  8  0.09
 30   66  0  8  0.09
 30   62  0  8  0.09
 29   54  0  8  0.09
 28   62  0  8  0.09
 28   57  0  8  0.09
 28   55  0  8  0.09
 27   64  0  8  0.09
 27   59  0  8  0.09
 27   52  0  8  0.09
 27   51  0  8  0.09
 26   68  0  8  0.09
 26   56  0  8  0.09
 26   55  0  8  0.09
  2   63  0  8  0.09
 25   55  0  8  0.09
 25   52  0  8  0.09
  2   52  0  8  0.09
  2   48  0  8  0.09
 24   66  0  8  0.09
 24   48  0  8  0.09
 23   68  0  8  0.09
 23   51  0  8  0.09
 22   56  0  8  0.09
 18   46  0  8  0.09
 15   43  0  8  0.09
  1   50  0  8  0.09
 14   51  0  8  0.09
 13   64  0  8  0.09
 13   53  0  8  0.09
 13   43  0  8  0.09
 12   57  0  8  0.09
 12   56  0  8  0.09
 11   69  0  8  0.09
 11   61  0  8  0.09
 11   43  0  8  0.09
 11   39  0  8  0.09
 10   64  0  8  0.09
 10   61  0  8  0.09
 10   48  0  8  0.09
 45   66  0  8  0.09
 44   62  0  8  0.09
 40   57  0  8  0.09
 39   62  0  8  0.09
 39   53  0  8  0.09
 36   53  0  8  0.09
 34   53  0  8  0.09
 32   55  0  8  0.09
 31   46  0  8  0.09
  2   23  0  8  0.09
 21   36  0  8  0.09
 17   40  0  8  0.09
 16   33  0  8  0.09
 16   32  0  8  0.09
 16   30  0  8  0.09
 14   35  0  8  0.09
 14   32  0  8  0.09
 21   30  0  8  0.09
 18   28  0  8  0.09
 16   24  0  8  0.09
  9   54  0  8  0.08
  9   39  0  8  0.08
  8   33  0  8  0.08
  7   62  0  8  0.08
  6   57  0  8  0.08
  6   55  0  8  0.08
  6   54  0  8  0.08
  6   44  0  8  0.08
  5   64  0  8  0.08
  5   55  0  8  0.08
  5   52  0  8  0.08
  5   51  0  8  0.08
  5   41  0  8  0.08
  4   59  0  8  0.08
  4   43  0  8  0.08
  4   41  0  8  0.08
 38   66  0  8  0.08
  3   69  0  8  0.08
  3   63  0  8  0.08
  3   60  0  8  0.08
 35   67  0  8  0.08
  3   56  0  8  0.08
 34   58  0  8  0.08
 33   64  0  8  0.08
  3   35  0  8  0.08
  3   28  0  8  0.08
 32   57  0  8  0.08
 31   67  0  8  0.08
 27   53  0  8  0.08
 26   54  0  8  0.08
  2   65  0  8  0.08
 25   64  0  8  0.08
 24   56  0  8  0.08
 24   53  0  8  0.08
 24   51  0  8  0.08
  2   29  0  8  0.08
 22   53  0  8  0.08
 21   49  0  8  0.08
 19   51  0  8  0.08
 18   56  0  8  0.08
 18   44  0  8  0.08
  1   66  0  8  0.08
  1   62  0  8  0.08
  1   47  0  8  0.08
  1   46  0  8  0.08
 14   55  0  8  0.08
 14   42  0  8  0.08
 14   40  0  8  0.08
 13   69  0  8  0.08
  1   36  0  8  0.08
 13   51  0  8  0.08
 11   66  0  8  0.08
 11   35  0  8  0.08
 10   66  0  8  0.08
  8   16  0  8  0.08
  7   19  0  8  0.08
 55   63  0  8  0.08
 51   64  0  8  0.08
 47   67  0  8  0.08
 46   62  0  8  0.08
 46   55  0  8  0.08
 43   65  0  8  0.08
  4   17  0  8  0.08
 39   61  0  8  0.08
 34   52  0  8  0.08
 33   53  0  8  0.08
 32   54  0  8  0.08
 32   51  0  8  0.08
  3   17  0  8  0.08
 31   48  0  8  0.08
 31   45  0  8  0.08
 30   43  0  8  0.08
 27   41  0  8  0.08
 27   39  0  8  0.08
 22   39  0  8  0.08
 21   43  0  8  0.08
 18   32  0  8  0.08
 18   30  0  8  0.08
 17   25  0  8  0.08
 15   29  0  8  0.08
 13   30  0  8  0.08
  1   21  0  8  0.08
 10   28  0  8  0.08
  9   19  0  8  0.08
  8   17  0  8  0.08
  7   17  0  8  0.08
  6   13  0  8  0.08
 60   69  0  8  0.08
 34   44  0  8  0.08
 30   40  0  8  0.08
 30   39  0  8  0.08
  9   43  0  8  0.08
  9   33  0  8  0.08
  8   55  0  8  0.08
  8   37  0  8  0.08
  6   60  0  8  0.08
  6   37  0  8  0.08
  5   56  0  8  0.08
  5   39  0  8  0.08
  5   37  0  8  0.08
  4   66  0  8  0.08
  4   63  0  8  0.08
  4   53  0  8  0.08
  4   45  0  8  0.08
  4   28  0  8  0.08
 42   69  0  8  0.08
 42   68  0  8  0.08
 39   68  0  8  0.08
 39   67  0  8  0.08
  3   58  0  8  0.08
  3   52  0  8  0.08
  3   51  0  8  0.08
  3   50  0  8  0.08
 34   65  0  8  0.08
 33   63  0  8  0.08
 30   54  0  8  0.08
 29   65  0  8  0.08
 29   62  0  8  0.08
 28   54  0  8  0.08
 26   57  0  8  0.08
 26   52  0  8  0.08
  2   62  0  8  0.08
 25   69  0  8  0.08
  2   56  0  8  0.08
  2   55  0  8  0.08
  2   54  0  8  0.08
 24   68  0  8  0.08
 24   62  0  8  0.08
 24   61  0  8  0.08
  2   34  0  8  0.08
 22   52  0  8  0.08
 21   64  0  8  0.08
 21   48  0  8  0.08
 21   46  0  8  0.08
 20   69  0  8  0.08
 18   51  0  8  0.08
 17   52  0  8  0.08
 17   46  0  8  0.08
 17   44  0  8  0.08
  1   61  0  8  0.08
  1   59  0  8  0.08
 15   54  0  8  0.08
  1   52  0  8  0.08
  1   49  0  8  0.08
 14   62  0  8  0.08
 14   44  0  8  0.08
 14   38  0  8  0.08
  1   38  0  8  0.08
  1   37  0  8  0.08
  1   30  0  8  0.08
  1   28  0  8  0.08
 12   36  0  8  0.08
  9   32  0  8  0.08
  9   21  0  8  0.08
  6   20  0  8  0.08
 50   67  0  8  0.08
 49   62  0  8  0.08
 49   61  0  8  0.08
 47   66  0  8  0.08
 47   65  0  8  0.08
 43   64  0  8  0.08
 43   61  0  8  0.08
 36   57  0  8  0.08
 36   54  0  8  0.08
 33   54  0  8  0.08
 33   52  0  8  0.08
 33   45  0  8  0.08
  3   26  0  8  0.08
  3   19  0  8  0.08
  3   16  0  8  0.08
 29   43  0  8  0.08
 27   42  0  8  0.08
 25   38  0  8  0.08
 24   43  0  8  0.08
  2   25  0  8  0.08
 21   44  0  8  0.08
 18   35  0  8  0.08
 17   32  0  8  0.08
 16   31  0  8  0.08
 16   29  0  8  0.08
 15   35  0  8  0.08
 15   33  0  8  0.08
 14   37  0  8  0.08
 10   33  0  8  0.08
  9   20  0  8  0.07
 58   66  0  8  0.07
  4   15  0  8  0.07
  4   11  0  8  0.07
 33   42  0  8  0.07
  3   14  0  8  0.07
  2   11  0  8  0.07
 15   23  0  8  0.07
  9   69  0  8  0.07
  9   66  0  8  0.07
  9   61  0  8  0.07
  9   35  0  8  0.07
  8   62  0  8  0.07
  8   57  0  8  0.07
  8   42  0  8  0.07
  7   60  0  8  0.07
  7   55  0  8  0.07
  7   54  0  8  0.07
  7   51  0  8  0.07
  7   37  0  8  0.07
  7   35  0  8  0.07
  7   34  0  8  0.07
  5   42  0  8  0.07
  5   34  0  8  0.07
  4   62  0  8  0.07
  4   61  0  8  0.07
  4   40  0  8  0.07
 37   68  0  8  0.07
 36   61  0  8  0.07
  3   53  0  8  0.07
  3   37  0  8  0.07
 31   66  0  8  0.07
 30   68  0  8  0.07
 30   65  0  8  0.07
 29   66  0  8  0.07
 29   61  0  8  0.07
 29   58  0  8  0.07
 27   69  0  8  0.07
 27   55  0  8  0.07
  2   69  0  8  0.07
 26   58  0  8  0.07
 25   53  0  8  0.07
 24   63  0  8  0.07
 23   66  0  8  0.07
 23   55  0  8  0.07
 23   53  0  8  0.07
  2   31  0  8  0.07
 22   57  0  8  0.07
 22   48  0  8  0.07
 21   65  0  8  0.07
 21   53  0  8  0.07
 18   58  0  8  0.07
 17   53  0  8  0.07
  1   60  0  8  0.07
  1   55  0  8  0.07
  1   53  0  8  0.07
 14   56  0  8  0.07
 14   48  0  8  0.07
 14   39  0  8  0.07
 13   57  0  8  0.07
 13   45  0  8  0.07
  1   31  0  8  0.07
 11   53  0  8  0.07
 10   45  0  8  0.07
 10   43  0  8  0.07
  9   22  0  8  0.07
 51   66  0  8  0.07
 49   66  0  8  0.07
 49   65  0  8  0.07
 48   67  0  8  0.07
 46   67  0  8  0.07
 45   68  0  8  0.07
 44   65  0  8  0.07
 43   58  0  8  0.07
  4   19  0  8  0.07
 34   55  0  8  0.07
 33   55  0  8  0.07
  3   24  0  8  0.07
  2   20  0  8  0.07
  2   17  0  8  0.07
 21   42  0  8  0.07
 21   39  0  8  0.07
 21   35  0  8  0.07
 17   39  0  8  0.07
 17   38  0  8  0.07
 15   31  0  8  0.07
 14   36  0  8  0.07
 13   34  0  8  0.07
 13   33  0  8  0.07
 13   31  0  8  0.07
 12   27  0  8  0.07
 12   25  0  8  0.07
  1   19  0  8  0.07
  1   15  0  8  0.07
  1   14  0  8  0.07
 11   28  0  8  0.07
 30   38  0  8  0.07
 21   32  0  8  0.07
  8   54  0  8  0.06
  8   45  0  8  0.06
  8   43  0  8  0.06
  8   38  0  8  0.06
  7   61  0  8  0.06
  6   69  0  8  0.06
  5   63  0  8  0.06
  5   57  0  8  0.06
  4   49  0  8  0.06
  4   39  0  8  0.06
 37   69  0  8  0.06
  3   36  0  8  0.06
 33   57  0  8  0.06
  3   33  0  8  0.06
  3   30  0  8  0.06
 32   64  0  8  0.06
 32   62  0  8  0.06
 32   61  0  8  0.06
 32   56  0  8  0.06
 27   65  0  8  0.06
 27   54  0  8  0.06
 26   69  0  8  0.06
 26   62  0  8  0.06
  2   58  0  8  0.06
 24   52  0  8  0.06
 23   52  0  8  0.06
 22   66  0  8  0.06
 22   58  0  8  0.06
 21   61  0  8  0.06
 20   55  0  8  0.06
 20   51  0  8  0.06
 18   57  0  8  0.06
 17   69  0  8  0.06
 17   61  0  8  0.06
 17   55  0  8  0.06
 17   47  0  8  0.06
 17   43  0  8  0.06
  1   63  0  8  0.06
 14   69  0  8  0.06
 14   54  0  8  0.06
 14   46  0  8  0.06
 14   45  0  8  0.06
 13   58  0  8  0.06
 13   56  0  8  0.06
 13   48  0  8  0.06
 13   39  0  8  0.06
 11   36  0  8  0.06
 10   36  0  8  0.06
 10   34  0  8  0.06
  6   27  0  8  0.06
  5   20  0  8  0.06
 51   67  0  8  0.06
 51   63  0  8  0.06
 50   65  0  8  0.06
 40   54  0  8  0.06
 37   54  0  8  0.06
 36   52  0  8  0.06
 32   44  0  8  0.06
 31   43  0  8  0.06
 22   43  0  8  0.06
 21   34  0  8  0.06
 21   33  0  8  0.06
 17   37  0  8  0.06
 15   30  0  8  0.06
 15   28  0  8  0.06
 14   34  0  8  0.06
 14   33  0  8  0.06
 14   30  0  8  0.06
 14   28  0  8  0.06
 13   35  0  8  0.06
 13   25  0  8  0.06
 12   34  0  8  0.06
  1   23  0  8  0.06
  1   22  0  8  0.06
  1   20  0  8  0.06
  1   16  0  8  0.06
 11   26  0  8  0.06
 10   29  0  8  0.06
  7   16  0  8  0.06
  5   15  0  8  0.06
 44   54  0  8  0.06
 43   52  0  8  0.06
  4   14  0  8  0.06
 36   46  0  8  0.06
  2   13  0  8  0.06
 21   29  0  8  0.06
  1   12  0  8  0.06
 53   61  0  8  0.05
 52   61  0  8  0.05
  5   13  0  8  0.05
 46   54  0  8  0.05
 45   53  0  8  0.05
 35   46  0  8  0.05
 35   45  0  8  0.05
 32   43  0  8  0.05
 31   41  0  8  0.05
 27   38  0  8  0.05
 18   26  0  8  0.05
 17   28  0  8  0.05
  1   11  0  8  0.05
  8   68  0  8  0.05
  8   63  0  8  0.05
  8   58  0  8  0.05
  7   52  0  8  0.05
  7   44  0  8  0.05
  5   54  0  8  0.05
  5   53  0  8  0.05
  5   46  0  8  0.05
  5   45  0  8  0.05
  4   60  0  8  0.05
  4   56  0  8  0.05
  4   52  0  8  0.05
  4   50  0  8  0.05
  4   37  0  8  0.05
 40   66  0  8  0.05
 38   69  0  8  0.05
 37   65  0  8  0.05
  3   54  0  8  0.05
 33   58  0  8  0.05
  3   31  0  8  0.05
  3   29  0  8  0.05
 32   68  0  8  0.05
 31   68  0  8  0.05
 30   67  0  8  0.05
 27   62  0  8  0.05
 27   58  0  8  0.05
  2   33  0  8  0.05
  2   32  0  8  0.05
 22   46  0  8  0.05
 21   68  0  8  0.05
 21   47  0  8  0.05
 20   54  0  8  0.05
 20   52  0  8  0.05
 19   69  0  8  0.05
 19   55  0  8  0.05
 18   55  0  8  0.05
 18   43  0  8  0.05
 17   60  0  8  0.05
 17   56  0  8  0.05
 17   51  0  8  0.05
  1   69  0  8  0.05
  1   58  0  8  0.05
  1   56  0  8  0.05
  1   44  0  8  0.05
  1   39  0  8  0.05
  1   35  0  8  0.05
 13   46  0  8  0.05
 13   37  0  8  0.05
  1   29  0  8  0.05
  1   25  0  8  0.05
  7   29  0  8  0.05
  6   26  0  8  0.05
 55   67  0  8  0.05
 54   66  0  8  0.05
  5   19  0  8  0.05
 49   68  0  8  0.05
 39   57  0  8  0.05
 35   55  0  8  0.05
 35   54  0  8  0.05
  3   23  0  8  0.05
 31   54  0  8  0.05
 22   45  0  8  0.05
 22   35  0  8  0.05
  2   16  0  8  0.05
 17   35  0  8  0.05
 15   32  0  8  0.05
 15   27  0  8  0.05
 14   31  0  8  0.05
 14   29  0  8  0.05
 14   27  0  8  0.05
 13   28  0  8  0.05
 13   27  0  8  0.05
 13   26  0  8  0.05
  1   24  0  8  0.05
 12   35  0  8  0.05
 12   28  0  8  0.05
 11   32  0  8  0.05
 10   32  0  8  0.05
 10   31  0  8  0.05
 10   25  0  8  0.05
 56   65  0  8  0.05
 55   64  0  8  0.05
 44   53  0  8  0.05
 29   39  0  8  0.05
 27   35  0  8  0.05
  2   12  0  8  0.05
  7   33  0  8  0.05
  6   36  0  8  0.05
  6   33  0  8  0.05
  5   61  0  8  0.05
  4   35  0  8  0.05
 40   69  0  8  0.05
 36   68  0  8  0.05
  3   62  0  8  0.05
 33   65  0  8  0.05
 33   62  0  8  0.05
 29   68  0  8  0.05
 27   56  0  8  0.05
 25   57  0  8  0.05
 24   69  0  8  0.05
  2   30  0  8  0.05
 22   51  0  8  0.05
 21   69  0  8  0.05
 21   66  0  8  0.05
 21   62  0  8  0.05
 21   57  0  8  0.05
 19   52  0  8  0.05
 18   69  0  8  0.05
 18   53  0  8  0.05
 18   48  0  8  0.05
  1   64  0  8  0.05
  1   41  0  8  0.05
  1   34  0  8  0.05
  1   26  0  8  0.05
  9   28  0  8  0.05
  9   24  0  8  0.05
  7   26  0  8  0.05
  7   25  0  8  0.05
 55   68  0  8  0.05
 54   67  0  8  0.05
  5   28  0  8  0.05
 52   69  0  8  0.05
 52   66  0  8  0.05
 52   65  0  8  0.05
  5   26  0  8  0.05
 49   67  0  8  0.05
 43   66  0  8  0.05
 43   63  0  8  0.05
 43   57  0  8  0.05
  4   24  0  8  0.05
 39   55  0  8  0.05
 34   54  0  8  0.05
  3   22  0  8  0.05
 31   44  0  8  0.05
 25   43  0  8  0.05
 22   44  0  8  0.05
 18   36  0  8  0.05
 18   33  0  8  0.05
 17   33  0  8  0.05
 17   31  0  8  0.05
 17   30  0  8  0.05
 15   36  0  8  0.05
 14   26  0  8  0.05
 13   36  0  8  0.05
 13   32  0  8  0.05
 13   29  0  8  0.05
 12   26  0  8  0.05
 12   24  0  8  0.05
 11   31  0  8  0.05
 11   30  0  8  0.05
 11   24  0  8  0.05
 10   27  0  8  0.05
 10   24  0  8  0.05
  8   19  0  8  0.04
  6   17  0  8  0.04
 45   55  0  8  0.04
 35   43  0  8  0.04
 32   42  0  8  0.04
 24   35  0  8  0.04
 13   21  0  8  0.04
 11   20  0  8  0.04
  8   69  0  8  0.04
  8   36  0  8  0.04
  8   35  0  8  0.04
  8   34  0  8  0.04
  7   57  0  8  0.04
  7   43  0  8  0.04
  7   36  0  8  0.04
  7   32  0  8  0.04
  6   61  0  8  0.04
  6   59  0  8  0.04
  6   35  0  8  0.04
  6   32  0  8  0.04
  4   54  0  8  0.04
 43   68  0  8  0.04
  4   34  0  8  0.04
 39   69  0  8  0.04
 39   65  0  8  0.04
 36   66  0  8  0.04
 35   65  0  8  0.04
  3   55  0  8  0.04
 33   61  0  8  0.04
  3   34  0  8  0.04
 32   67  0  8  0.04
 32   66  0  8  0.04
 32   65  0  8  0.04
 27   57  0  8  0.04
  2   61  0  8  0.04
 25   66  0  8  0.04
 25   61  0  8  0.04
 24   58  0  8  0.04
 24   55  0  8  0.04
 24   54  0  8  0.04
 23   54  0  8  0.04
 19   54  0  8  0.04
 17   62  0  8  0.04
 17   58  0  8  0.04
 17   57  0  8  0.04
 17   48  0  8  0.04
  1   57  0  8  0.04
 14   43  0  8  0.04
 10   57  0  8  0.04
  9   27  0  8  0.04
  8   28  0  8  0.04
  8   27  0  8  0.04
  7   28  0  8  0.04
  7   27  0  8  0.04
  6   29  0  8  0.04
  6   25  0  8  0.04
  5   23  0  8  0.04
 51   65  0  8  0.04
 50   66  0  8  0.04
 49   64  0  8  0.04
 46   68  0  8  0.04
 46   65  0  8  0.04
 43   55  0  8  0.04
  4   22  0  8  0.04
  4   20  0  8  0.04
 36   55  0  8  0.04
 33   46  0  8  0.04
 32   45  0  8  0.04
  3   20  0  8  0.04
 30   45  0  8  0.04
 17   36  0  8  0.04
 12   32  0  8  0.04
 12   30  0  8  0.04
 12   29  0  8  0.04
 11   29  0  8  0.04
 11   27  0  8  0.04
 11   25  0  8  0.04
 10   30  0  8  0.04
 10   26  0  8  0.04
 59   68  0  8  0.04
 54   63  0  8  0.04
  3   13  0  8  0.04
 25   35  0  8  0.04
 21   31  0  8  0.04
 16   25  0  8  0.04
 13   22  0  8  0.04
  1   10  0  8  0.04
 10   20  0  8  0.04
  8   60  0  8  0.03
  8   32  0  8  0.03
  6   34  0  8  0.03
  6   30  0  8  0.03
  5   60  0  8  0.03
  5   58  0  8  0.03
  5   35  0  8  0.03
  5   32  0  8  0.03
 44   68  0  8  0.03
  4   36  0  8  0.03
 37   66  0  8  0.03
 36   67  0  8  0.03
 36   65  0  8  0.03
  3   57  0  8  0.03
 35   69  0  8  0.03
 35   68  0  8  0.03
 35   66  0  8  0.03
 35   61  0  8  0.03
 34   67  0  8  0.03
 34   66  0  8  0.03
 33   66  0  8  0.03
 31   69  0  8  0.03
 27   61  0  8  0.03
 25   54  0  8  0.03
 24   57  0  8  0.03
 23   69  0  8  0.03
  2   36  0  8  0.03
 22   55  0  8  0.03
 22   54  0  8  0.03
 21   58  0  8  0.03
 21   52  0  8  0.03
 18   52  0  8  0.03
  1   33  0  8  0.03
  1   32  0  8  0.03
 10   35  0  8  0.03
  9   30  0  8  0.03
  9   25  0  8  0.03
  8   31  0  8  0.03
  8   29  0  8  0.03
  8   24  0  8  0.03
  7   30  0  8  0.03
  7   20  0  8  0.03
  6   28  0  8  0.03
  6   24  0  8  0.03
  6   22  0  8  0.03
  6   21  0  8  0.03
 57   69  0  8  0.03
 54   68  0  8  0.03
 53   69  0  8  0.03
 53   67  0  8  0.03
 53   66  0  8  0.03
  5   27  0  8  0.03
 52   68  0  8  0.03
 52   67  0  8  0.03
  5   25  0  8  0.03
 50   69  0  8  0.03
 48   69  0  8  0.03
 48   65  0  8  0.03
 47   68  0  8  0.03
 46   69  0  8  0.03
 46   66  0  8  0.03
  4   26  0  8  0.03
  4   25  0  8  0.03
  4   21  0  8  0.03
 33   48  0  8  0.03
  3   21  0  8  0.03
 11   23  0  8  0.03
 10   22  0  8  0.03
  6   16  0  8  0.03
 58   67  0  8  0.03
 54   65  0  8  0.03
 46   57  0  8  0.03
 43   54  0  8  0.03
 36   45  0  8  0.03
 34   45  0  8  0.03
 33   43  0  8  0.03
 58   68  0  8  0.02
 53   63  0  8  0.02
 51   62  0  8  0.02
 43   53  0  8  0.02
 18   29  0  8  0.02
 17   26  0  8  0.02
 16   27  0  8  0.02
 12   22  0  8  0.02
 10   21  0  8  0.02
  8   61  0  8  0.02
  7   31  0  8  0.02
  6   31  0  8  0.02
  5   31  0  8  0.02
  5   30  0  8  0.02
  4   32  0  8  0.02
  4   31  0  8  0.02
  4   30  0  8  0.02
 38   68  0  8  0.02
 33   68  0  8  0.02
 33   67  0  8  0.02
 25   58  0  8  0.02
 22   68  0  8  0.02
 21   51  0  8  0.02
 21   45  0  8  0.02
  1   51  0  8  0.02
  9   31  0  8  0.02
  9   29  0  8  0.02
  8   30  0  8  0.02
  8   25  0  8  0.02
  8   23  0  8  0.02
  8   22  0  8  0.02
  7   22  0  8  0.02
  7   21  0  8  0.02
  6   23  0  8  0.02
  6   19  0  8  0.02
 55   69  0  8  0.02
 53   65  0  8  0.02
  5   24  0  8  0.02
  5   22  0  8  0.02
  5   21  0  8  0.02
  5   17  0  8  0.02
 51   69  0  8  0.02
 47   69  0  8  0.02
 43   62  0  8  0.02
  4   27  0  8  0.02
 17   29  0  8  0.02
 12   31  0  8  0.02
 55   66  0  8  0.02
 53   62  0  8  0.02
  5   16  0  8  0.02
  4   12  0  8  0.02
 25   33  0  8  0.02
 14   25  0  8  0.02
 13   24  0  8  0.02
 12   21  0  8  0.02
 11   21  0  8  0.02
  5   36  0  8  0.02
  5   29  0  8  0.02
  4   29  0  8  0.02
 34   69  0  8  0.02
 33   69  0  8  0.02
 32   69  0  8  0.02
 30   69  0  8  0.02
 29   69  0  8  0.02
 22   69  0  8  0.02
 21   56  0  8  0.02
 21   54  0  8  0.02
 17   54  0  8  0.02
  9   26  0  8  0.02
  9   23  0  8  0.02
  8   26  0  8  0.02
  8   21  0  8  0.02
  8   20  0  8  0.02
  7   24  0  8  0.02
 54   69  0  8  0.02
 52   64  0  8  0.02
 51   68  0  8  0.02
 50   68  0  8  0.02
 49   69  0  8  0.02
  4   16  0  8  0.02
 18   31  0  8  0.02
 59   69  0  8  0.01
 58   69  0  8  0.01
 57   67  0  8  0.01
 56   66  0  8  0.01
 52   63  0  8  0.01
 52   62  0  8  0.01
 34   43  0  8  0.01
 18   27  0  8  0.01
 15   25  0  8  0.01
 15   24  0  8  0.01
 14   23  0  8  0.01
 13   23  0  8  0.01
 56   69  0  8  0.01
 53   68  0  8  0.01
 45   69  0  8  0.01
 44   69  0  8  0.01
 43   69  0  8  0.01
  4   23  0  8  0.01
 36   69  0  8  0.01
 21   55  0  8  0.01
 10   69  0  8  0.01
 10   23  0  8  0.01
 57   66  0  8  0.01
 56   67  0  8  0.01
 55   65  0  8  0.01
 54   64  0  8  0.01
 53   64  0  8  0.01
 45   54  0  8  0.01
  4   13  0  8  0.01
 33   44  0  8  0.01
 31   42  0  8  0.01
  3   12  0  8  0.01
 17   27  0  8  0.01
 15   26  0  8  0.01
 14   24  0  8  0.01
  7   23  0  8  0.00
 57   68  0  8  0.00
 56   68  0  8  0.00
  5   33  0  8  0.00
 51   61  0  8  0.00
  4   33  0  8  0.00
 34   68  0  8  0.00
 18   54  0  8  0.00
 16   26  0  8  0.00
 12   23  0  8  0.00
 11   22  0  8  0.00
