 49   61  0  8  1.00
 49   60  0  8  1.00
 29   49  0  8  1.00
 20   48  0  8  1.00
 16   49  0  8  1.00
 47   58  0  8  0.99
 50   60  0  8  0.99
 49   57  0  8  0.99
 51   57  0  8  0.98
 47   61  0  8  0.98
  8   47  0  8  0.98
 20   57  0  8  0.98
 50   59  0  8  0.98
 49   58  0  8  0.98
 20   47  0  8  0.96
 49   59  0  8  0.95
 20   29  0  8  0.95
 20   50  0  8  0.94
  8   57  0  8  0.94
 47   62  0  8  0.93
 48   61  0  8  0.92
  9   47  0  8  0.92
 20   49  0  8  0.92
 48   58  0  8  0.92
 50   58  0  8  0.92
  9   49  0  8  0.91
 21   29  0  8  0.91
  8   49  0  8  0.90
  5   47  0  8  0.90
 46   63  0  8  0.90
 51   58  0  8  0.89
 50   57  0  8  0.89
 48   59  0  8  0.89
 46   60  0  8  0.89
 47   57  0  8  0.88
 46   61  0  8  0.88
 46   62  0  8  0.87
 29   50  0  8  0.87
  8   46  0  8  0.87
 48   57  0  8  0.86
  9   46  0  8  0.86
 20   31  0  8  0.85
  8   48  0  8  0.85
 47   59  0  8  0.85
  5   48  0  8  0.85
 47   63  0  8  0.84
  5   61  0  8  0.84
 10   57  0  8  0.84
 52   58  0  8  0.84
 48   60  0  8  0.84
 47   60  0  8  0.83
 29   48  0  8  0.83
 20   27  0  8  0.83
 48   62  0  8  0.83
  6   47  0  8  0.83
 16   57  0  8  0.83
  6   49  0  8  0.82
 29   58  0  8  0.82
 29   57  0  8  0.82
 20   46  0  8  0.81
 31   48  0  8  0.81
  9   57  0  8  0.80
  6   46  0  8  0.80
 30   48  0  8  0.80
 50   56  0  8  0.80
 16   60  0  8  0.80
  5   46  0  8  0.79
  9   16  0  8  0.79
 51   59  0  8  0.79
 46   59  0  8  0.79
  7   46  0  8  0.78
 46   58  0  8  0.78
 45   61  0  8  0.78
 16   47  0  8  0.78
 50   61  0  8  0.77
 49   56  0  8  0.77
 21   27  0  8  0.77
  7   61  0  8  0.76
 27   58  0  8  0.76
 45   63  0  8  0.75
 45   62  0  8  0.75
  9   50  0  8  0.75
 20   58  0  8  0.75
 10   46  0  8  0.75
 30   51  0  8  0.75
  6   48  0  8  0.74
  9   61  0  8  0.73
  7   50  0  8  0.73
 44   61  0  8  0.73
 31   50  0  8  0.73
 27   51  0  8  0.72
 16   48  0  8  0.72
 45   60  0  8  0.72
  8   42  0  8  0.71
 20   61  0  8  0.71
 10   61  0  8  0.71
  8   16  0  8  0.71
  6   61  0  8  0.71
 31   61  0  8  0.71
 20   30  0  8  0.70
  5   57  0  8  0.70
  5   49  0  8  0.70
 31   58  0  8  0.70
 30   58  0  8  0.70
 27   57  0  8  0.70
 44   62  0  8  0.70
  7   47  0  8  0.69
 31   60  0  8  0.69
 16   46  0  8  0.69
 10   51  0  8  0.69
 31   49  0  8  0.69
 32   47  0  8  0.69
 29   47  0  8  0.69
 16   58  0  8  0.69
  9   48  0  8  0.68
  8   50  0  8  0.67
 13   47  0  8  0.67
 13   46  0  8  0.67
 32   38  0  8  0.67
 16   29  0  8  0.67
 32   51  0  8  0.67
  8   60  0  8  0.66
  5   50  0  8  0.66
 29   61  0  8  0.66
 13   44  0  8  0.66
 31   51  0  8  0.66
 29   51  0  8  0.66
 27   47  0  8  0.66
  9   51  0  8  0.66
  8   51  0  8  0.66
  6   57  0  8  0.66
 32   57  0  8  0.66
 31   47  0  8  0.65
  6   50  0  8  0.65
 16   50  0  8  0.65
 16   42  0  8  0.65
  9   42  0  8  0.64
 10   47  0  8  0.64
 45   59  0  8  0.64
 40   46  0  8  0.64
  9   60  0  8  0.64
  5   60  0  8  0.64
 47   64  0  8  0.63
 32   49  0  8  0.63
 30   49  0  8  0.63
 39   46  0  8  0.63
  7   57  0  8  0.63
  7   49  0  8  0.63
 30   59  0  8  0.63
 20   60  0  8  0.63
 10   50  0  8  0.63
 42   61  0  8  0.62
 17   31  0  8  0.62
 16   61  0  8  0.62
  5   16  0  8  0.62
 16   31  0  8  0.62
  8   61  0  8  0.62
 31   57  0  8  0.62
 13   31  0  8  0.61
 46   64  0  8  0.61
 10   49  0  8  0.61
 32   48  0  8  0.60
  9   15  0  8  0.60
 29   59  0  8  0.60
 30   47  0  8  0.60
 17   29  0  8  0.60
 31   38  0  8  0.60
  4   46  0  8  0.59
 30   60  0  8  0.59
 20   51  0  8  0.59
 43   62  0  8  0.59
 30   50  0  8  0.58
 32   60  0  8  0.58
 17   47  0  8  0.58
 13   48  0  8  0.58
 48   63  0  8  0.58
 44   63  0  8  0.58
 32   50  0  8  0.58
 19   29  0  8  0.58
 46   57  0  8  0.57
 20   28  0  8  0.57
  7   48  0  8  0.57
 19   47  0  8  0.57
 16   44  0  8  0.57
 51   60  0  8  0.56
  9   58  0  8  0.56
 19   49  0  8  0.56
 16   51  0  8  0.56
 13   49  0  8  0.56
 10   43  0  8  0.56
 13   30  0  8  0.55
  7   44  0  8  0.55
 10   52  0  8  0.55
  9   31  0  8  0.55
 44   60  0  8  0.55
  7   60  0  8  0.55
  6   42  0  8  0.55
 28   58  0  8  0.55
 20   56  0  8  0.55
 16   56  0  8  0.55
  8   31  0  8  0.54
 43   63  0  8  0.54
 43   61  0  8  0.54
 20   42  0  8  0.54
 27   61  0  8  0.54
 31   46  0  8  0.54
 20   26  0  8  0.54
  7   42  0  8  0.53
  6   44  0  8  0.53
 27   52  0  8  0.53
 25   56  0  8  0.53
 19   57  0  8  0.53
 27   48  0  8  0.53
 42   48  0  8  0.53
 29   60  0  8  0.52
 13   57  0  8  0.52
 13   38  0  8  0.52
 11   46  0  8  0.52
  9   19  0  8  0.52
 38   47  0  8  0.52
  8   20  0  8  0.52
 27   46  0  8  0.52
 13   32  0  8  0.52
 32   58  0  8  0.52
 20   44  0  8  0.52
 10   60  0  8  0.52
 27   49  0  8  0.51
  8   58  0  8  0.51
  6   51  0  8  0.51
  5   42  0  8  0.51
 32   59  0  8  0.51
 25   55  0  8  0.51
 16   63  0  8  0.51
 14   44  0  8  0.51
 10   42  0  8  0.51
 16   52  0  8  0.50
 48   56  0  8  0.50
 21   28  0  8  0.50
 16   27  0  8  0.50
 28   48  0  8  0.50
 28   47  0  8  0.50
 39   47  0  8  0.50
  7   51  0  8  0.50
  5   44  0  8  0.50
 17   48  0  8  0.50
 13   50  0  8  0.50
 13   29  0  8  0.49
 42   63  0  8  0.49
 42   62  0  8  0.49
  6   16  0  8  0.49
  8   44  0  8  0.48
  7   45  0  8  0.48
 32   63  0  8  0.48
  2   46  0  8  0.48
 13   51  0  8  0.48
 29   52  0  8  0.48
 13   33  0  8  0.48
  8   52  0  8  0.48
  6   60  0  8  0.48
 20   52  0  8  0.48
 16   59  0  8  0.48
 41   47  0  8  0.47
 42   64  0  8  0.47
  9   44  0  8  0.47
 32   61  0  8  0.47
 31   63  0  8  0.47
 28   57  0  8  0.47
 27   60  0  8  0.47
 27   56  0  8  0.47
 20   63  0  8  0.47
 13   42  0  8  0.47
 11   47  0  8  0.47
 17   30  0  8  0.47
 45   64  0  8  0.46
 32   52  0  8  0.46
  9   52  0  8  0.46
  5   51  0  8  0.46
  5   32  0  8  0.46
  4   48  0  8  0.46
 31   59  0  8  0.46
  9   39  0  8  0.45
 30   57  0  8  0.45
 52   59  0  8  0.45
 49   62  0  8  0.45
 27   50  0  8  0.45
 16   32  0  8  0.45
  9   56  0  8  0.45
  5   45  0  8  0.45
 19   48  0  8  0.45
 11   48  0  8  0.45
 10   53  0  8  0.45
 28   46  0  8  0.44
  9   62  0  8  0.44
  9   45  0  8  0.44
  8   59  0  8  0.44
  8   19  0  8  0.44
 10   16  0  8  0.44
  7   31  0  8  0.43
 28   59  0  8  0.43
 13   45  0  8  0.43
 11   49  0  8  0.43
 43   64  0  8  0.43
 32   46  0  8  0.43
 28   50  0  8  0.43
 12   31  0  8  0.43
  5   62  0  8  0.43
 17   56  0  8  0.43
 42   60  0  8  0.43
 16   30  0  8  0.43
 49   55  0  8  0.42
 17   27  0  8  0.42
  7   62  0  8  0.42
  5   31  0  8  0.42
 29   56  0  8  0.42
 10   58  0  8  0.42
 44   64  0  8  0.42
 43   60  0  8  0.42
 15   31  0  8  0.42
 19   27  0  8  0.41
  6   31  0  8  0.41
  5   29  0  8  0.41
 27   55  0  8  0.41
 10   62  0  8  0.41
  9   32  0  8  0.41
 14   31  0  8  0.41
  8   38  0  8  0.41
  6   58  0  8  0.41
 27   59  0  8  0.41
 13   43  0  8  0.41
 13   40  0  8  0.41
 11   57  0  8  0.41
 10   56  0  8  0.41
 23   29  0  8  0.40
  8   32  0  8  0.40
 28   56  0  8  0.40
 24   57  0  8  0.40
 12   44  0  8  0.40
 10   48  0  8  0.40
  9   17  0  8  0.40
 39   45  0  8  0.40
 31   39  0  8  0.40
 13   36  0  8  0.40
  9   36  0  8  0.39
  7   52  0  8  0.39
  4   49  0  8  0.39
 33   59  0  8  0.39
 24   55  0  8  0.39
 17   49  0  8  0.39
 16   43  0  8  0.39
 13   39  0  8  0.39
  7   13  0  8  0.39
 30   39  0  8  0.39
 11   19  0  8  0.39
 29   46  0  8  0.39
  8   29  0  8  0.39
 10   32  0  8  0.39
  9   33  0  8  0.38
  8   63  0  8  0.38
  8   56  0  8  0.38
  6   43  0  8  0.38
 24   56  0  8  0.38
 17   46  0  8  0.38
 33   47  0  8  0.38
 42   49  0  8  0.38
 21   31  0  8  0.38
  9   63  0  8  0.38
  8   39  0  8  0.38
  6   45  0  8  0.38
  6   32  0  8  0.38
  5   38  0  8  0.38
  4   50  0  8  0.38
  4   47  0  8  0.38
 33   58  0  8  0.38
 32   62  0  8  0.38
 25   57  0  8  0.38
 20   59  0  8  0.38
 10   45  0  8  0.38
 10   38  0  8  0.38
 30   52  0  8  0.38
 28   45  0  8  0.38
 32   39  0  8  0.37
  9   43  0  8  0.37
  8   62  0  8  0.37
  8   43  0  8  0.37
  7   58  0  8  0.37
 27   54  0  8  0.37
 22   29  0  8  0.37
 21   30  0  8  0.37
 49   63  0  8  0.37
 28   44  0  8  0.37
  9   59  0  8  0.36
  7   43  0  8  0.36
  7   40  0  8  0.36
  3   48  0  8  0.36
 19   50  0  8  0.36
 17   44  0  8  0.36
 11   51  0  8  0.36
 10   41  0  8  0.36
  8   17  0  8  0.36
  7   16  0  8  0.36
 38   46  0  8  0.36
 18   27  0  8  0.36
 15   29  0  8  0.36
 38   44  0  8  0.36
  7   59  0  8  0.36
  4   51  0  8  0.36
 13   37  0  8  0.36
 33   49  0  8  0.36
 29   42  0  8  0.36
  8   15  0  8  0.35
 43   49  0  8  0.35
 38   57  0  8  0.35
 31   52  0  8  0.35
  9   38  0  8  0.35
  7   56  0  8  0.35
  5   58  0  8  0.35
  3   46  0  8  0.35
 27   53  0  8  0.35
  2   48  0  8  0.35
 16   62  0  8  0.35
  1   45  0  8  0.35
 13   56  0  8  0.35
 12   46  0  8  0.35
 29   39  0  8  0.35
 33   51  0  8  0.35
 30   46  0  8  0.35
  4   52  0  8  0.34
  3   47  0  8  0.34
  3   45  0  8  0.34
 30   61  0  8  0.34
 27   63  0  8  0.34
  2   47  0  8  0.34
 24   53  0  8  0.34
  2   45  0  8  0.34
 19   46  0  8  0.34
 13   61  0  8  0.34
 11   39  0  8  0.34
 10   44  0  8  0.34
 20   43  0  8  0.34
 13   34  0  8  0.34
  5   56  0  8  0.34
  4   42  0  8  0.34
 31   62  0  8  0.34
 17   57  0  8  0.34
 17   50  0  8  0.34
  1   48  0  8  0.34
 13   55  0  8  0.34
 18   29  0  8  0.34
 28   49  0  8  0.34
 19   31  0  8  0.34
 18   31  0  8  0.34
 28   51  0  8  0.33
 16   33  0  8  0.33
  6   12  0  8  0.33
 40   47  0  8  0.33
 22   28  0  8  0.33
 19   30  0  8  0.33
 17   28  0  8  0.33
  8   33  0  8  0.33
  7   38  0  8  0.33
  7   32  0  8  0.33
  4   61  0  8  0.33
 24   51  0  8  0.33
 20   45  0  8  0.33
 13   58  0  8  0.33
 13   52  0  8  0.33
 11   31  0  8  0.32
 10   31  0  8  0.32
  5   11  0  8  0.32
 19   25  0  8  0.32
 10   19  0  8  0.32
  7   39  0  8  0.32
  7   36  0  8  0.32
 26   54  0  8  0.32
  2   61  0  8  0.32
  2   50  0  8  0.32
 23   57  0  8  0.32
 21   47  0  8  0.32
 11   56  0  8  0.32
 11   43  0  8  0.32
 10   39  0  8  0.32
  6   29  0  8  0.32
  8   14  0  8  0.32
 31   37  0  8  0.32
  9   34  0  8  0.31
  8   45  0  8  0.31
  8   37  0  8  0.31
  8   36  0  8  0.31
  6   59  0  8  0.31
  6   39  0  8  0.31
  5   43  0  8  0.31
 44   59  0  8  0.31
 29   44  0  8  0.31
 17   42  0  8  0.31
  1   62  0  8  0.31
 15   44  0  8  0.31
 13   60  0  8  0.31
 13   41  0  8  0.31
 12   57  0  8  0.31
 11   61  0  8  0.31
 11   60  0  8  0.31
 11   58  0  8  0.31
 11   50  0  8  0.31
 11   44  0  8  0.31
 10   36  0  8  0.31
  6   13  0  8  0.31
 42   59  0  8  0.31
  5   52  0  8  0.31
  4   57  0  8  0.31
 31   56  0  8  0.31
 20   55  0  8  0.31
 19   58  0  8  0.31
 10   55  0  8  0.31
 36   42  0  8  0.31
 30   40  0  8  0.31
 30   38  0  8  0.31
  2    8  0  8  0.31
  5   19  0  8  0.30
 14   29  0  8  0.30
 38   48  0  8  0.30
  4   45  0  8  0.30
 28   60  0  8  0.30
 27   62  0  8  0.30
  9   30  0  8  0.30
  5   20  0  8  0.30
 38   59  0  8  0.30
 30   42  0  8  0.30
 10   33  0  8  0.30
 31   42  0  8  0.30
  9   29  0  8  0.29
 28   42  0  8  0.29
  6   33  0  8  0.29
 28   52  0  8  0.29
 11   55  0  8  0.29
 11   45  0  8  0.29
 11   42  0  8  0.29
 10   63  0  8  0.29
 27   44  0  8  0.29
  9   41  0  8  0.29
  9   35  0  8  0.29
  6   38  0  8  0.29
  4   43  0  8  0.29
 34   59  0  8  0.29
 30   62  0  8  0.29
 26   52  0  8  0.29
 25   53  0  8  0.29
  2   44  0  8  0.29
 17   58  0  8  0.29
 15   49  0  8  0.29
 12   56  0  8  0.29
 12   43  0  8  0.29
 16   38  0  8  0.28
  7   33  0  8  0.28
  6   56  0  8  0.28
  5   63  0  8  0.28
  5   39  0  8  0.28
  4   60  0  8  0.28
  4   31  0  8  0.28
 38   62  0  8  0.28
 28   62  0  8  0.28
 26   55  0  8  0.28
 25   52  0  8  0.28
 23   56  0  8  0.28
 11   53  0  8  0.28
 53   59  0  8  0.28
 36   43  0  8  0.28
 33   39  0  8  0.28
 11   17  0  8  0.28
 39   61  0  8  0.27
 32   53  0  8  0.27
 17   38  0  8  0.27
 17   32  0  8  0.27
 12   33  0  8  0.27
 19   28  0  8  0.27
 11   18  0  8  0.27
  6   36  0  8  0.27
  3   50  0  8  0.27
 28   61  0  8  0.27
 25   54  0  8  0.27
 25   49  0  8  0.27
  2   43  0  8  0.27
 19   44  0  8  0.27
 12   45  0  8  0.27
 11   52  0  8  0.27
 41   61  0  8  0.27
 33   48  0  8  0.27
 12   32  0  8  0.27
 32   42  0  8  0.27
 17   24  0  8  0.27
  7   37  0  8  0.27
  6   62  0  8  0.27
 36   63  0  8  0.27
 30   56  0  8  0.27
 29   62  0  8  0.27
 21   57  0  8  0.27
 21   51  0  8  0.27
 19   62  0  8  0.27
 18   56  0  8  0.27
 17   51  0  8  0.27
 39   58  0  8  0.26
 33   50  0  8  0.26
  2    9  0  8  0.26
  9   55  0  8  0.26
  6   52  0  8  0.26
  5   30  0  8  0.26
 38   63  0  8  0.26
 32   56  0  8  0.26
 30   63  0  8  0.26
 29   63  0  8  0.26
 24   52  0  8  0.26
  2   42  0  8  0.26
 17   43  0  8  0.26
 14   43  0  8  0.26
 13   54  0  8  0.26
 13   53  0  8  0.26
 12   51  0  8  0.26
  9   20  0  8  0.26
 47   56  0  8  0.26
 38   49  0  8  0.26
 28   43  0  8  0.25
 16   28  0  8  0.25
  8   40  0  8  0.25
  4   29  0  8  0.25
  3   56  0  8  0.25
  3   44  0  8  0.25
 33   60  0  8  0.25
 25   50  0  8  0.25
 21   50  0  8  0.25
 21   49  0  8  0.25
 19   56  0  8  0.25
  1   63  0  8  0.25
  1   61  0  8  0.25
 15   48  0  8  0.25
 15   47  0  8  0.25
 14   42  0  8  0.25
 12   40  0  8  0.25
 11   62  0  8  0.25
 10   40  0  8  0.25
 10   37  0  8  0.25
  5   13  0  8  0.25
 48   54  0  8  0.25
 37   43  0  8  0.25
  7   29  0  8  0.25
 41   62  0  8  0.25
 27   45  0  8  0.25
 25   46  0  8  0.25
 15   30  0  8  0.25
 39   48  0  8  0.25
 30   37  0  8  0.25
  1    8  0  8  0.25
  8   55  0  8  0.24
  4   44  0  8  0.24
  4   39  0  8  0.24
  3   43  0  8  0.24
 26   56  0  8  0.24
  2   58  0  8  0.24
 25   51  0  8  0.24
 21   48  0  8  0.24
 19   60  0  8  0.24
 19   51  0  8  0.24
 17   59  0  8  0.24
 11   59  0  8  0.24
 11   36  0  8  0.24
 10   54  0  8  0.24
 38   60  0  8  0.24
 29   45  0  8  0.24
 20   39  0  8  0.24
 16   39  0  8  0.24
 38   45  0  8  0.24
 37   44  0  8  0.24
 38   58  0  8  0.24
 18   30  0  8  0.24
  7   63  0  8  0.24
  4   63  0  8  0.24
  4   56  0  8  0.24
 29   53  0  8  0.24
 26   53  0  8  0.24
  2   53  0  8  0.24
 24   49  0  8  0.24
 14   56  0  8  0.24
 12   42  0  8  0.24
 11   41  0  8  0.24
 10   59  0  8  0.24
  9   18  0  8  0.23
 29   40  0  8  0.23
 29   38  0  8  0.23
 13   20  0  8  0.23
 10   17  0  8  0.23
 33   46  0  8  0.23
 25   47  0  8  0.23
 20   32  0  8  0.23
 11   33  0  8  0.23
  7   53  0  8  0.23
  7   35  0  8  0.23
  7   34  0  8  0.23
 36   61  0  8  0.23
  3   58  0  8  0.23
  3   49  0  8  0.23
  2   57  0  8  0.23
 25   63  0  8  0.23
 24   62  0  8  0.23
 24   54  0  8  0.23
  2   41  0  8  0.23
 20   62  0  8  0.23
 17   63  0  8  0.23
 16   64  0  8  0.23
  1   47  0  8  0.23
  1   39  0  8  0.23
 12   48  0  8  0.23
  4   11  0  8  0.23
 12   19  0  8  0.23
 41   63  0  8  0.23
 39   59  0  8  0.23
 38   61  0  8  0.23
 24   47  0  8  0.23
 14   30  0  8  0.23
 37   61  0  8  0.22
  3   61  0  8  0.22
 33   61  0  8  0.22
 29   55  0  8  0.22
  2   63  0  8  0.22
  2   62  0  8  0.22
  2   37  0  8  0.22
 17   60  0  8  0.22
 17   41  0  8  0.22
 16   45  0  8  0.22
 12   62  0  8  0.22
 12   38  0  8  0.22
 51   61  0  8  0.22
  3    9  0  8  0.22
 28   39  0  8  0.22
  5   17  0  8  0.22
 41   64  0  8  0.22
 28   41  0  8  0.22
 23   46  0  8  0.22
 29   43  0  8  0.22
  2   16  0  8  0.22
 20   41  0  8  0.22
 36   46  0  8  0.22
 32   43  0  8  0.22
 16   23  0  8  0.22
  9   64  0  8  0.22
  7   55  0  8  0.22
  5   59  0  8  0.22
  3   63  0  8  0.22
  3   29  0  8  0.22
 28   53  0  8  0.22
 19   61  0  8  0.22
  1   57  0  8  0.22
 14   45  0  8  0.22
 14   38  0  8  0.22
 13   59  0  8  0.22
  1   33  0  8  0.22
 12   59  0  8  0.22
 12   52  0  8  0.22
 12   47  0  8  0.22
 12   36  0  8  0.22
 11   63  0  8  0.22
  8   30  0  8  0.21
 39   60  0  8  0.21
 33   52  0  8  0.21
 25   45  0  8  0.21
 11   29  0  8  0.21
 37   47  0  8  0.21
 12   18  0  8  0.21
  9   53  0  8  0.21
  9   37  0  8  0.21
  8   41  0  8  0.21
  6   41  0  8  0.21
  6   35  0  8  0.21
  5   64  0  8  0.21
  5   41  0  8  0.21
  3   62  0  8  0.21
 35   63  0  8  0.21
 33   63  0  8  0.21
 33   57  0  8  0.21
 25   61  0  8  0.21
  2   52  0  8  0.21
  2   49  0  8  0.21
 24   63  0  8  0.21
  2   35  0  8  0.21
  2   33  0  8  0.21
 22   55  0  8  0.21
 21   56  0  8  0.21
 13   62  0  8  0.21
 12   55  0  8  0.21
 12   53  0  8  0.21
 12   50  0  8  0.21
 11   35  0  8  0.21
 39   62  0  8  0.21
 37   60  0  8  0.21
 37   59  0  8  0.21
 48   55  0  8  0.21
 46   52  0  8  0.21
  4   10  0  8  0.21
  2   10  0  8  0.21
 15   22  0  8  0.21
 25   44  0  8  0.20
 17   39  0  8  0.20
  8   64  0  8  0.20
  7   64  0  8  0.20
  7   41  0  8  0.20
  6   37  0  8  0.20
  5   36  0  8  0.20
  5   33  0  8  0.20
  4   62  0  8  0.20
  4   32  0  8  0.20
 39   63  0  8  0.20
 26   50  0  8  0.20
  2   60  0  8  0.20
  2   59  0  8  0.20
 23   55  0  8  0.20
  2   29  0  8  0.20
 17   52  0  8  0.20
 14   48  0  8  0.20
  1   44  0  8  0.20
  1   28  0  8  0.20
 12   60  0  8  0.20
 12   58  0  8  0.20
 12   41  0  8  0.20
 12   39  0  8  0.20
 12   37  0  8  0.20
  5   12  0  8  0.20
 37   46  0  8  0.20
 32   40  0  8  0.20
 18   25  0  8  0.20
 30   44  0  8  0.20
 27   42  0  8  0.20
 25   48  0  8  0.20
 19   42  0  8  0.20
 17   37  0  8  0.20
 17   33  0  8  0.20
  9   54  0  8  0.20
  9   40  0  8  0.20
  6   30  0  8  0.20
  2   31  0  8  0.20
 18   57  0  8  0.20
 17   45  0  8  0.20
 12   61  0  8  0.20
 36   47  0  8  0.20
 31   40  0  8  0.20
 30   36  0  8  0.20
  1    9  0  8  0.20
 38   50  0  8  0.19
 30   45  0  8  0.19
 27   41  0  8  0.19
 24   44  0  8  0.19
 20   38  0  8  0.19
 14   32  0  8  0.19
 11   32  0  8  0.19
 52   60  0  8  0.19
 45   51  0  8  0.19
 29   37  0  8  0.19
  6   63  0  8  0.19
  6   40  0  8  0.19
  4   59  0  8  0.19
  4   58  0  8  0.19
 37   62  0  8  0.19
  3   57  0  8  0.19
 35   62  0  8  0.19
  3   52  0  8  0.19
 34   62  0  8  0.19
 33   62  0  8  0.19
  3   27  0  8  0.19
  2   56  0  8  0.19
 23   49  0  8  0.19
 19   63  0  8  0.19
 19   43  0  8  0.19
 16   40  0  8  0.19
 14   51  0  8  0.19
 14   49  0  8  0.19
 11   54  0  8  0.19
 10   64  0  8  0.19
 45   58  0  8  0.19
 30   53  0  8  0.19
  8   18  0  8  0.18
  6   15  0  8  0.18
 28   38  0  8  0.18
 18   24  0  8  0.18
 38   52  0  8  0.18
 21   44  0  8  0.18
 16   36  0  8  0.18
  8   53  0  8  0.18
  8   34  0  8  0.18
  6   53  0  8  0.18
  4   34  0  8  0.18
 36   60  0  8  0.18
  3   53  0  8  0.18
 28   55  0  8  0.18
 28   54  0  8  0.18
 26   57  0  8  0.18
 26   51  0  8  0.18
 24   58  0  8  0.18
  2   38  0  8  0.18
 17   55  0  8  0.18
  1   56  0  8  0.18
 15   57  0  8  0.18
 15   50  0  8  0.18
 15   42  0  8  0.18
  1   52  0  8  0.18
  1   46  0  8  0.18
 14   39  0  8  0.18
 13   63  0  8  0.18
 12   54  0  8  0.18
 11   38  0  8  0.18
 11   37  0  8  0.18
  6   17  0  8  0.18
 41   48  0  8  0.18
 28   34  0  8  0.18
  1    7  0  8  0.18
 13   19  0  8  0.18
  1   11  0  8  0.18
 36   49  0  8  0.18
 31   53  0  8  0.18
 11   30  0  8  0.18
  6   34  0  8  0.17
  4   38  0  8  0.17
  2   55  0  8  0.17
  2   51  0  8  0.17
 24   48  0  8  0.17
  2   39  0  8  0.17
 23   61  0  8  0.17
  2   27  0  8  0.17
 21   55  0  8  0.17
 15   56  0  8  0.17
 15   46  0  8  0.17
 14   47  0  8  0.17
 39   49  0  8  0.17
 17   23  0  8  0.17
 43   59  0  8  0.17
 24   46  0  8  0.17
 24   45  0  8  0.17
 19   41  0  8  0.17
 17   40  0  8  0.17
  5   54  0  8  0.17
  5   35  0  8  0.17
  3   54  0  8  0.17
 34   60  0  8  0.17
 25   60  0  8  0.17
 25   59  0  8  0.17
 25   58  0  8  0.17
  2   54  0  8  0.17
 23   53  0  8  0.17
 23   51  0  8  0.17
  2   28  0  8  0.17
 21   53  0  8  0.17
 20   64  0  8  0.17
 18   47  0  8  0.17
 16   55  0  8  0.17
 16   41  0  8  0.17
  1   58  0  8  0.17
 15   63  0  8  0.17
 15   51  0  8  0.17
 14   46  0  8  0.17
  1   35  0  8  0.17
 11   40  0  8  0.17
 30   41  0  8  0.17
 15   21  0  8  0.17
  6   20  0  8  0.17
 50   62  0  8  0.17
 41   60  0  8  0.17
 34   53  0  8  0.17
 34   47  0  8  0.17
 32   44  0  8  0.17
 23   44  0  8  0.17
  2   20  0  8  0.17
 20   40  0  8  0.17
 15   32  0  8  0.17
 14   36  0  8  0.17
 13   35  0  8  0.17
 12   30  0  8  0.17
  4   27  0  8  0.16
 31   44  0  8  0.16
 29   41  0  8  0.16
 36   44  0  8  0.16
  3   10  0  8  0.16
 16   24  0  8  0.16
  6   64  0  8  0.16
  4   33  0  8  0.16
  4   30  0  8  0.16
  4   28  0  8  0.16
 38   64  0  8  0.16
 35   61  0  8  0.16
 26   62  0  8  0.16
  2   40  0  8  0.16
  2   36  0  8  0.16
 23   58  0  8  0.16
 23   48  0  8  0.16
 21   46  0  8  0.16
 19   55  0  8  0.16
 19   45  0  8  0.16
  1   64  0  8  0.16
 14   53  0  8  0.16
  1   43  0  8  0.16
 12   63  0  8  0.16
  1   25  0  8  0.16
  7   30  0  8  0.16
 41   59  0  8  0.16
 39   52  0  8  0.16
 36   52  0  8  0.16
 35   51  0  8  0.16
 34   52  0  8  0.16
 34   48  0  8  0.16
 33   53  0  8  0.16
 28   40  0  8  0.16
 27   40  0  8  0.16
 12   35  0  8  0.16
  4   35  0  8  0.15
  3   60  0  8  0.15
  3   39  0  8  0.15
 32   64  0  8  0.15
 31   64  0  8  0.15
 28   63  0  8  0.15
 25   64  0  8  0.15
 24   61  0  8  0.15
  2   32  0  8  0.15
 21   58  0  8  0.15
 19   52  0  8  0.15
 18   42  0  8  0.15
 17   62  0  8  0.15
 17   61  0  8  0.15
 16   53  0  8  0.15
  1   60  0  8  0.15
  1   51  0  8  0.15
 14   57  0  8  0.15
  1   41  0  8  0.15
 12   49  0  8  0.15
  7   19  0  8  0.15
  6   19  0  8  0.15
  5   28  0  8  0.15
 40   63  0  8  0.15
 39   57  0  8  0.15
 38   56  0  8  0.15
 35   49  0  8  0.15
 27   43  0  8  0.15
 26   46  0  8  0.15
  1   16  0  8  0.15
  7   15  0  8  0.15
 40   48  0  8  0.15
  3   11  0  8  0.15
 35   48  0  8  0.15
 34   49  0  8  0.15
 32   54  0  8  0.15
 27   39  0  8  0.15
 26   48  0  8  0.15
 24   43  0  8  0.15
  2   19  0  8  0.15
 17   36  0  8  0.15
 13   28  0  8  0.15
 12   34  0  8  0.15
  8   35  0  8  0.15
  6   55  0  8  0.15
  5   53  0  8  0.15
  4   55  0  8  0.15
  3   64  0  8  0.15
 35   59  0  8  0.15
  3   55  0  8  0.15
  3   51  0  8  0.15
  3   42  0  8  0.15
  2   64  0  8  0.15
 24   60  0  8  0.15
 24   50  0  8  0.15
 23   63  0  8  0.15
 23   47  0  8  0.15
 18   51  0  8  0.15
 15   58  0  8  0.15
  1   55  0  8  0.15
  1   53  0  8  0.15
 14   54  0  8  0.15
 14   40  0  8  0.15
  1   27  0  8  0.15
 39   50  0  8  0.15
 33   44  0  8  0.15
 14   20  0  8  0.15
  5   27  0  8  0.14
 42   58  0  8  0.14
 35   52  0  8  0.14
 34   56  0  8  0.14
 33   56  0  8  0.14
 31   43  0  8  0.14
  2   24  0  8  0.14
 21   43  0  8  0.14
 20   37  0  8  0.14
 12   29  0  8  0.14
  1   19  0  8  0.14
 11   34  0  8  0.14
 10   30  0  8  0.14
  5   40  0  8  0.14
 36   62  0  8  0.14
  3   38  0  8  0.14
  2   26  0  8  0.14
 21   62  0  8  0.14
 18   48  0  8  0.14
 18   46  0  8  0.14
 18   44  0  8  0.14
  1   59  0  8  0.14
  1   54  0  8  0.14
  1   50  0  8  0.14
  1   49  0  8  0.14
  1   42  0  8  0.14
  1   36  0  8  0.14
 10   34  0  8  0.14
 42   50  0  8  0.14
 16   22  0  8  0.14
 37   49  0  8  0.14
 35   56  0  8  0.14
 34   55  0  8  0.14
 19   39  0  8  0.14
 19   38  0  8  0.14
  4   12  0  8  0.13
 29   35  0  8  0.13
 23   31  0  8  0.13
  2   11  0  8  0.13
 17   25  0  8  0.13
  6   54  0  8  0.13
  4   64  0  8  0.13
  4   54  0  8  0.13
  4   53  0  8  0.13
 37   63  0  8  0.13
 35   60  0  8  0.13
 33   64  0  8  0.13
  3   28  0  8  0.13
 29   54  0  8  0.13
 23   60  0  8  0.13
 23   50  0  8  0.13
 22   62  0  8  0.13
 22   57  0  8  0.13
 22   56  0  8  0.13
 22   54  0  8  0.13
 19   59  0  8  0.13
 15   43  0  8  0.13
 14   62  0  8  0.13
  1   40  0  8  0.13
  1   38  0  8  0.13
 48   64  0  8  0.13
 33   55  0  8  0.13
 30   43  0  8  0.13
 26   44  0  8  0.13
 24   42  0  8  0.13
 22   42  0  8  0.13
  2   23  0  8  0.13
 16   37  0  8  0.13
 14   37  0  8  0.13
 43   50  0  8  0.13
 33   40  0  8  0.13
 25   31  0  8  0.13
 13   21  0  8  0.13
 10   18  0  8  0.13
 44   58  0  8  0.13
 39   56  0  8  0.13
 36   59  0  8  0.13
 26   45  0  8  0.13
  2   25  0  8  0.13
 22   44  0  8  0.13
 22   43  0  8  0.13
 21   42  0  8  0.13
  5   55  0  8  0.13
  3   59  0  8  0.13
 30   64  0  8  0.13
 28   64  0  8  0.13
 27   64  0  8  0.13
 26   61  0  8  0.13
 26   58  0  8  0.13
 23   62  0  8  0.13
  2   34  0  8  0.13
  2   30  0  8  0.13
 21   63  0  8  0.13
 18   63  0  8  0.13
 15   61  0  8  0.13
 15   55  0  8  0.13
 10   35  0  8  0.13
 44   50  0  8  0.12
 40   49  0  8  0.12
  1   12  0  8  0.12
 37   58  0  8  0.12
 37   57  0  8  0.12
 36   57  0  8  0.12
 36   53  0  8  0.12
 25   42  0  8  0.12
 15   27  0  8  0.12
  1   15  0  8  0.12
  5   37  0  8  0.12
 34   61  0  8  0.12
  3   35  0  8  0.12
  3   30  0  8  0.12
 24   64  0  8  0.12
 23   52  0  8  0.12
 21   60  0  8  0.12
 18   50  0  8  0.12
 18   49  0  8  0.12
 17   53  0  8  0.12
 15   62  0  8  0.12
 15   39  0  8  0.12
 14   60  0  8  0.12
 14   41  0  8  0.12
  1   37  0  8  0.12
  1   26  0  8  0.12
 35   44  0  8  0.12
 34   44  0  8  0.12
 34   40  0  8  0.12
 27   33  0  8  0.12
 19   26  0  8  0.12
 14   21  0  8  0.12
 44   57  0  8  0.12
 40   60  0  8  0.12
 38   51  0  8  0.12
 34   51  0  8  0.12
 23   42  0  8  0.12
 21   39  0  8  0.12
  4   40  0  8  0.11
  4   37  0  8  0.11
 37   64  0  8  0.11
  3   37  0  8  0.11
 29   64  0  8  0.11
 22   47  0  8  0.11
 21   61  0  8  0.11
 21   59  0  8  0.11
 21   54  0  8  0.11
 21   52  0  8  0.11
 20   54  0  8  0.11
 20   53  0  8  0.11
 17   54  0  8  0.11
 13   64  0  8  0.11
  1   32  0  8  0.11
  1   29  0  8  0.11
 12   64  0  8  0.11
 11   64  0  8  0.11
  8   28  0  8  0.11
 40   61  0  8  0.11
 35   46  0  8  0.11
 35   43  0  8  0.11
 34   57  0  8  0.11
 34   50  0  8  0.11
 34   46  0  8  0.11
 32   41  0  8  0.11
 24   31  0  8  0.11
 24   30  0  8  0.11
 23   45  0  8  0.11
 21   41  0  8  0.11
 18   28  0  8  0.11
 14   33  0  8  0.11
  1   24  0  8  0.11
  7   20  0  8  0.11
 49   64  0  8  0.11
  4   25  0  8  0.11
  4   20  0  8  0.11
 37   56  0  8  0.11
 36   48  0  8  0.11
 35   58  0  8  0.11
 35   53  0  8  0.11
 21   40  0  8  0.11
 19   40  0  8  0.11
 19   37  0  8  0.11
 15   38  0  8  0.11
  1   20  0  8  0.11
  1   13  0  8  0.11
 10   29  0  8  0.11
 54   60  0  8  0.11
  4   13  0  8  0.11
 27   37  0  8  0.11
  3   36  0  8  0.10
 31   55  0  8  0.10
 30   55  0  8  0.10
 22   53  0  8  0.10
 22   51  0  8  0.10
 21   45  0  8  0.10
 18   55  0  8  0.10
 18   43  0  8  0.10
 15   40  0  8  0.10
 14   50  0  8  0.10
  1   34  0  8  0.10
 51   63  0  8  0.10
 40   62  0  8  0.10
 40   59  0  8  0.10
 36   56  0  8  0.10
 36   51  0  8  0.10
 36   50  0  8  0.10
 26   47  0  8  0.10
 18   40  0  8  0.10
 57   63  0  8  0.10
  5   15  0  8  0.10
  5   14  0  8  0.10
 37   48  0  8  0.10
 37   45  0  8  0.10
 33   43  0  8  0.10
  3   12  0  8  0.10
 28   37  0  8  0.10
  2   13  0  8  0.10
 16   25  0  8  0.10
  7   54  0  8  0.10
  4   36  0  8  0.10
 39   64  0  8  0.10
 34   63  0  8  0.10
  3   33  0  8  0.10
 25   62  0  8  0.10
 23   64  0  8  0.10
 19   64  0  8  0.10
 18   54  0  8  0.10
 15   41  0  8  0.10
  1   31  0  8  0.10
  4   26  0  8  0.10
 40   52  0  8  0.10
 36   58  0  8  0.10
 35   47  0  8  0.10
 33   54  0  8  0.10
  3   20  0  8  0.10
 23   43  0  8  0.10
 22   45  0  8  0.10
 22   41  0  8  0.10
  2   15  0  8  0.10
  1   22  0  8  0.10
 51   62  0  8  0.10
  4   15  0  8  0.10
 36   45  0  8  0.10
 35   42  0  8  0.10
 33   42  0  8  0.10
 29   36  0  8  0.10
  2   12  0  8  0.10
  6   28  0  8  0.09
 43   58  0  8  0.09
 42   57  0  8  0.09
  4   16  0  8  0.09
 39   51  0  8  0.09
 37   51  0  8  0.09
  3   26  0  8  0.09
 32   45  0  8  0.09
  3   16  0  8  0.09
  3   15  0  8  0.09
 25   43  0  8  0.09
 17   34  0  8  0.09
 15   28  0  8  0.09
  8   54  0  8  0.09
  4   41  0  8  0.09
 40   64  0  8  0.09
 36   64  0  8  0.09
 34   58  0  8  0.09
  3   40  0  8  0.09
 26   60  0  8  0.09
 24   59  0  8  0.09
 22   63  0  8  0.09
 22   52  0  8  0.09
 17   64  0  8  0.09
 15   59  0  8  0.09
 15   53  0  8  0.09
 15   52  0  8  0.09
  1   30  0  8  0.09
 22   30  0  8  0.09
 15   23  0  8  0.09
  1   10  0  8  0.09
  4   24  0  8  0.09
 37   50  0  8  0.09
 34   54  0  8  0.09
 26   49  0  8  0.09
 26   43  0  8  0.09
 26   42  0  8  0.09
 24   41  0  8  0.09
 18   38  0  8  0.09
  3   34  0  8  0.08
  3   32  0  8  0.08
 30   54  0  8  0.08
 23   54  0  8  0.08
 18   52  0  8  0.08
 14   55  0  8  0.08
  7   17  0  8  0.08
 41   49  0  8  0.08
 35   41  0  8  0.08
 34   45  0  8  0.08
 34   43  0  8  0.08
 34   42  0  8  0.08
 34   41  0  8  0.08
  3   14  0  8  0.08
 23   30  0  8  0.08
 22   31  0  8  0.08
 18   26  0  8  0.08
 14   22  0  8  0.08
 45   57  0  8  0.08
 41   58  0  8  0.08
  3   24  0  8  0.08
 26   39  0  8  0.08
 25   41  0  8  0.08
 23   41  0  8  0.08
  2   22  0  8  0.08
 18   39  0  8  0.08
 16   35  0  8  0.08
 15   37  0  8  0.08
  1   21  0  8  0.08
  1   18  0  8  0.08
 56   63  0  8  0.08
 56   62  0  8  0.08
 31   41  0  8  0.08
 26   32  0  8  0.08
 21   32  0  8  0.08
 17   26  0  8  0.08
  5   34  0  8  0.08
  3   31  0  8  0.08
 26   64  0  8  0.08
 22   58  0  8  0.08
 19   54  0  8  0.08
 18   60  0  8  0.08
 18   59  0  8  0.08
 18   45  0  8  0.08
 16   54  0  8  0.08
 14   59  0  8  0.08
 14   58  0  8  0.08
  7   28  0  8  0.08
 50   63  0  8  0.08
 42   56  0  8  0.08
  4   19  0  8  0.08
 40   58  0  8  0.08
 40   57  0  8  0.08
 35   50  0  8  0.08
 33   45  0  8  0.08
  3   19  0  8  0.08
 31   45  0  8  0.08
 26   41  0  8  0.08
 22   39  0  8  0.08
  2   21  0  8  0.08
 20   33  0  8  0.08
 18   41  0  8  0.08
 14   28  0  8  0.08
 12   28  0  8  0.08
  1   17  0  8  0.08
 11   27  0  8  0.08
 55   61  0  8  0.07
 54   61  0  8  0.07
 52   61  0  8  0.07
 47   53  0  8  0.07
 12   20  0  8  0.07
  9   28  0  8  0.07
  8   27  0  8  0.07
  5   21  0  8  0.07
 43   57  0  8  0.07
 35   55  0  8  0.07
 32   55  0  8  0.07
  3   25  0  8  0.07
  2   17  0  8  0.07
 19   33  0  8  0.07
 17   35  0  8  0.07
 14   35  0  8  0.07
 14   34  0  8  0.07
  1   14  0  8  0.07
  3   41  0  8  0.07
 26   59  0  8  0.07
 22   48  0  8  0.07
 21   64  0  8  0.07
 19   53  0  8  0.07
 15   45  0  8  0.07
 14   61  0  8  0.07
 42   51  0  8  0.07
 41   51  0  8  0.07
 35   45  0  8  0.07
  3   13  0  8  0.07
 13   22  0  8  0.07
 11   21  0  8  0.07
 11   20  0  8  0.07
  9   21  0  8  0.07
 37   55  0  8  0.07
 37   52  0  8  0.07
 18   37  0  8  0.07
 16   34  0  8  0.07
 15   33  0  8  0.07
 34   64  0  8  0.06
 26   63  0  8  0.06
 22   46  0  8  0.06
 18   62  0  8  0.06
 18   58  0  8  0.06
  7   18  0  8  0.06
  4   14  0  8  0.06
 27   38  0  8  0.06
 13   23  0  8  0.06
  8   23  0  8  0.06
  8   21  0  8  0.06
  7   26  0  8  0.06
  4   21  0  8  0.06
  4   18  0  8  0.06
 41   57  0  8  0.06
 38   53  0  8  0.06
 36   55  0  8  0.06
 36   54  0  8  0.06
 31   54  0  8  0.06
  2   14  0  8  0.06
 18   34  0  8  0.06
 15   35  0  8  0.06
  1   23  0  8  0.06
  7   14  0  8  0.06
  6   14  0  8  0.06
 47   55  0  8  0.06
 45   56  0  8  0.06
 44   51  0  8  0.06
 41   52  0  8  0.06
 33   41  0  8  0.06
 27   34  0  8  0.06
 26   37  0  8  0.06
 23   59  0  8  0.06
 23   33  0  8  0.06
 22   49  0  8  0.06
 15   64  0  8  0.06
 12   21  0  8  0.06
  6   27  0  8  0.06
  5   23  0  8  0.06
  4   23  0  8  0.06
 38   54  0  8  0.06
 35   57  0  8  0.06
 35   54  0  8  0.06
  3   23  0  8  0.06
 26   38  0  8  0.06
 23   37  0  8  0.06
 22   40  0  8  0.06
 21   38  0  8  0.06
 11   24  0  8  0.06
  6   23  0  8  0.05
 44   56  0  8  0.05
  4   17  0  8  0.05
 41   56  0  8  0.05
 40   54  0  8  0.05
 37   53  0  8  0.05
  3   22  0  8  0.05
 26   40  0  8  0.05
 23   40  0  8  0.05
 23   39  0  8  0.05
  2   18  0  8  0.05
 12   27  0  8  0.05
 10   28  0  8  0.05
 53   62  0  8  0.05
 53   60  0  8  0.05
 46   54  0  8  0.05
 42   52  0  8  0.05
 28   36  0  8  0.05
 28   35  0  8  0.05
 23   32  0  8  0.05
 22   33  0  8  0.05
 22   32  0  8  0.05
 14   25  0  8  0.05
 13   24  0  8  0.05
 18   61  0  8  0.05
 15   54  0  8  0.05
  9   27  0  8  0.05
  8   26  0  8  0.05
  8   22  0  8  0.05
  5   26  0  8  0.05
  5   24  0  8  0.05
 39   53  0  8  0.05
 38   55  0  8  0.05
 25   40  0  8  0.05
 21   37  0  8  0.05
 18   36  0  8  0.05
 18   32  0  8  0.05
 13   25  0  8  0.05
 11   28  0  8  0.05
 11   26  0  8  0.05
 11   23  0  8  0.05
 55   64  0  8  0.04
 53   61  0  8  0.04
 52   62  0  8  0.04
 45   52  0  8  0.04
 44   54  0  8  0.04
 40   50  0  8  0.04
 10   20  0  8  0.04
 35   64  0  8  0.04
 14   63  0  8  0.04
  6   18  0  8  0.04
 43   56  0  8  0.04
 40   56  0  8  0.04
 40   55  0  8  0.04
  3   17  0  8  0.04
 24   40  0  8  0.04
 22   37  0  8  0.04
 19   32  0  8  0.04
 14   27  0  8  0.04
 56   64  0  8  0.04
 46   56  0  8  0.04
 41   50  0  8  0.04
 25   32  0  8  0.04
  9   26  0  8  0.04
  9   23  0  8  0.04
  7   25  0  8  0.04
  7   23  0  8  0.04
  6   25  0  8  0.04
  6   24  0  8  0.04
 50   64  0  8  0.04
  4   22  0  8  0.04
 40   53  0  8  0.04
 39   55  0  8  0.04
 39   54  0  8  0.04
 37   54  0  8  0.04
  3   21  0  8  0.04
 25   38  0  8  0.04
 23   36  0  8  0.04
 20   36  0  8  0.04
 19   35  0  8  0.04
 19   34  0  8  0.04
 18   35  0  8  0.04
 13   27  0  8  0.04
 12   24  0  8  0.04
 11   25  0  8  0.04
 18   64  0  8  0.04
 14   64  0  8  0.04
 58   64  0  8  0.03
 55   62  0  8  0.03
 54   62  0  8  0.03
 52   63  0  8  0.03
 47   54  0  8  0.03
 46   53  0  8  0.03
 45   53  0  8  0.03
 44   55  0  8  0.03
 43   54  0  8  0.03
 40   51  0  8  0.03
 27   36  0  8  0.03
 26   36  0  8  0.03
 26   34  0  8  0.03
 25   33  0  8  0.03
 24   32  0  8  0.03
 11   22  0  8  0.03
  8   24  0  8  0.03
  7   27  0  8  0.03
  6   21  0  8  0.03
  5   25  0  8  0.03
  5   18  0  8  0.03
 42   55  0  8  0.03
  3   18  0  8  0.03
 24   39  0  8  0.03
 22   35  0  8  0.03
 22   34  0  8  0.03
 19   36  0  8  0.03
 18   33  0  8  0.03
 15   36  0  8  0.03
 15   34  0  8  0.03
 10   25  0  8  0.03
 22   59  0  8  0.03
 22   50  0  8  0.03
 15   60  0  8  0.03
 14   52  0  8  0.03
 57   64  0  8  0.03
 45   55  0  8  0.03
 45   54  0  8  0.03
 44   53  0  8  0.03
 43   51  0  8  0.03
 26   33  0  8  0.03
 15   25  0  8  0.03
 15   24  0  8  0.03
 14   24  0  8  0.03
 12   22  0  8  0.03
 10   21  0  8  0.03
  9   24  0  8  0.03
  8   25  0  8  0.03
  6   26  0  8  0.03
 41   55  0  8  0.03
 24   37  0  8  0.03
 22   38  0  8  0.03
 21   36  0  8  0.03
 21   35  0  8  0.03
 14   26  0  8  0.03
 10   23  0  8  0.03
 10   22  0  8  0.03
 55   63  0  8  0.02
 54   63  0  8  0.02
 46   55  0  8  0.02
 24   33  0  8  0.02
 23   34  0  8  0.02
 16   26  0  8  0.02
 22   61  0  8  0.02
 18   53  0  8  0.02
  9   22  0  8  0.02
  7   22  0  8  0.02
 25   39  0  8  0.02
 25   37  0  8  0.02
 23   35  0  8  0.02
 22   36  0  8  0.02
 21   33  0  8  0.02
 20   35  0  8  0.02
 12   26  0  8  0.02
 10   27  0  8  0.02
 10   24  0  8  0.02
 53   63  0  8  0.02
 43   53  0  8  0.02
 43   52  0  8  0.02
 42   53  0  8  0.02
 27   35  0  8  0.02
 25   36  0  8  0.02
 25   35  0  8  0.02
 24   34  0  8  0.02
 14   23  0  8  0.02
  7   24  0  8  0.02
  7   21  0  8  0.02
 52   64  0  8  0.02
 43   55  0  8  0.02
 41   54  0  8  0.02
 24   38  0  8  0.02
 24   36  0  8  0.02
 23   38  0  8  0.02
 10   26  0  8  0.02
 53   64  0  8  0.01
 26   35  0  8  0.01
 25   34  0  8  0.01
 15   26  0  8  0.01
 12   23  0  8  0.01
  9   25  0  8  0.01
  6   22  0  8  0.01
  5   22  0  8  0.01
 51   64  0  8  0.01
 42   54  0  8  0.01
 41   53  0  8  0.01
 21   34  0  8  0.01
 20   34  0  8  0.01
 12   25  0  8  0.01
 22   64  0  8  0.01
 54   64  0  8  0.01
 44   52  0  8  0.01
 24   35  0  8  0.00
 22   60  0  8  0.00
 13   26  0  8  0.00
