
Last position-specific scoring matrix computed, weighted observed percentages rounded down, information per position, and relative weight of gapless real matches to pseudocounts
           A  R  N  D  C  Q  E  G  H  I  L  K  M  F  P  S  T  W  Y  V   A   R   N   D   C   Q   E   G   H   I   L   K   M   F   P   S   T   W   Y   V
    1 E   -2 -2 -1  4 -5  2  6 -3 -2 -5 -4 -1 -4 -5 -3 -1 -2 -5 -4 -4    0   0   0  26   0   6  67   0   0   0   0   0   0   0   0   0   0   0   0   0  1.14 0.51
    2 E   -3  0 -2  6 -6  1  4 -4 -3 -5 -5  1 -4 -6 -4 -2 -3 -6 -5 -3    0   5   0  47   0   5  35   0   0   0   0   7   0   0   0   0   0   0   0   2  1.17 0.96
    3 D   -4  0 -2  6 -6  1  1 -4 -3 -2 -2  4 -4 -5 -4 -3 -2 -6 -5 -4    0   3   0  47   0   5   7   0   0   3   5  29   0   0   0   0   1   0   0   0  1.00 1.06
    4 L   -3 -4 -4 -5 -4 -2 -4 -5 -4  1  4 -4  3  1 -5  2  1 -4  1  2    1   0   0   0   0   1   0   0   0   6  36   0   7   7   0  17   8   0   4  13  0.56 1.20
    5 M   -4 -1  4 -3 -5 -2 -4 -5  0  2  3 -4  6 -3 -1 -4 -2 -5  0  0    0   4  23   1   0   2   0   0   2  10  24   0  20   0   3   0   1   0   3   6  0.69 1.32
    6 S    0 -2  0 -2 -4  2  1 -1 -4 -5 -4 -1 -4 -5 -1  4  3 -6 -5 -3    6   2   3   1   0   9   7   5   0   0   1   4   0   0   3  39  20   0   0   1  0.65 1.37
    7 Y   -2 -3 -2  0 -5 -4 -5 -6 -3 -1  2 -3  1  5 -4 -4 -4  3  6 -2    4   1   2   6   0   0   0   0   0   3  18   2   4  22   1   0   0   3  31   1  0.92 1.40
    8 V   -1  3 -2  2 -5  1  2 -2 -4 -3 -2  0  0 -3 -1  0  1  1 -4  0    3  20   1  12   0   5  14   4   0   1   4   5   2   1   3   8   9   2   0   6  0.32 1.42
    9 P   -3  1 -2 -4 -5 -3  0 -4 -4 -2 -3 -3 -4 -1  7 -1  1 -4  2 -4    1   8   2   0   0   0   7   0   0   2   2   1   0   3  52   3   9   0   9   0  1.22 1.42
   10 H   -3  2 -2  3 -5  2 -3  4  3 -5 -4 -2 -4  3 -4 -1 -4 -2 -2 -5    1  11   1  17   0  11   1  29   8   0   2   1   0  11   0   4   0   1   1   0  0.67 1.50
   11 V    2 -5 -4 -5  3 -3 -5 -5 -2  0  2 -3  4 -4 -5  0 -3 -5 -1  4   16   0   0   0   6   1   0   0   1   3  20   1  11   0   0   8   0   0   2  28  0.63 1.60
   12 P    3 -3 -3 -3 -5 -4 -4 -2 -4 -5 -5 -4 -5 -6  8 -2 -2 -6 -4 -4   22   1   1   1   0   0   0   2   0   0   1   0   0   0  67   1   2   0   1   1  1.81 1.52
   13 Y   -4 -5 -4 -5 -4 -5 -5 -5 -1 -1  1 -5 -3  6 -1 -5 -4  4  7 -2    1   0   1   1   0   0   0   1   1   2  14   0   0  31   3   0   1   5  37   2  1.33 1.55
   14 V   -2 -2 -3 -4 -2 -3 -1  3 -4  0 -2 -3  1  2 -5 -2 -2 -1  3  3    3   2   1   1   1   1   4  24   0   6   3   1   3   9   0   3   2   1  10  25  0.47 1.57
   15 P   -1 -2 -4 -4 -3 -1  1 -3 -2 -5 -1 -2 -4 -4  7 -3  2 -6 -5 -4    4   2   0   0   1   3  11   1   1   0   6   2   0   1  52   1  14   0   0   1  1.24 1.58
   16 T    2 -4 -3 -3 -2 -4 -3  2 -3 -3 -2 -4 -3 -3 -4  2  5 -5 -5 -3   19   0   0   1   1   0   1  14   0   1   4   0   0   1   0  16  41   0   0   1  0.82 1.58
   17 P   -1 -2 -1 -1 -4 -1 -3 -1 -2 -5 -4 -3 -3 -3  5  3  4 -4 -3 -4    4   2   3   3   0   2   1   5   1   0   1   1   0   1  26  21  28   0   1   1  0.79 1.59
   18 E   -1  1  0  2 -5  1  2 -3  5 -3 -2  0 -2  0  0  0  0  2  1 -2    6   7   3   9   0   5  12   2  14   2   3   4   1   4   6   6   5   3   5   3  0.27 1.57
   19 K    1  2 -1  1 -3  0  2 -2  0 -2 -1  2  0 -4  1  0  0 -6 -5 -2   11   9   3   9   1   4  13   2   2   2   6  12   3   0   7   5   7   0   0   3  0.21 1.59
   20 V    1 -3 -4 -4  3  3 -4 -3 -3 -1  1 -1  0 -3 -5 -1  3 -2 -4  3   14   1   0   0   5  13   0   2   1   3  11   4   2   1   0   4  20   1   0  19  0.42 1.59
   21 V   -1 -1 -5 -6 -2 -3 -4 -5 -1  3  2 -5  0 -2 -5 -3  3  3  0  3    4   3   0   0   1   1   1   1   1  15  20   0   2   1   0   0  19   5   4  23  0.59 1.59
   22 R    0  4  0  3  0  2  2 -2  1 -4 -5  0 -2 -3 -4 -1 -3 -3 -2 -3   10  21   5  15   2  10  15   2   3   1   0   5   1   1   0   4   1   0   1   1  0.48 1.59
   23 R    0  3  2 -2 -5  1  0 -1  1 -3  1  1  2 -4 -5 -2 -2  3 -2 -3   10  15  11   2   0   6   7   4   4   1  15   9   5   0   0   3   2   4   1   1  0.28 1.58
   24 M    0 -5 -4 -6  5 -5 -5 -5 -5  2  3 -4  5 -1 -4 -4 -2 -5 -4  3    8   0   0   0  10   0   0   0   0  12  24   0  18   2   0   1   2   0   0  21  0.82 1.56
   25 L    1 -4 -5 -4  1 -3 -2 -5 -5  2  4 -4  3  2 -4 -3 -3 -3 -4  1   15   1   0   1   3   1   3   1   0  13  39   1   7   7   1   2   1   0   0   7  0.61 1.60
   26 E    1  2  0  3 -3  2  3 -1 -2 -5 -6  3 -5 -6 -3  0 -1 -6 -5 -5   11  12   5  15   0   7  20   4   0   0   0  15   0   0   1   6   4   0   0   0  0.55 1.59
   27 I    0 -1 -4 -3 -2  0 -1 -2  1  0  3  2  2  1 -5 -2 -3  4 -1  0    9   4   0   1   1   4   4   3   3   5  29  11   5   6   0   3   1   5   2   5  0.31 1.58
   28 A    3 -4 -5 -5  1 -4 -4 -1 -2  1  4 -5  2 -2 -5 -2 -2 -5 -3  0   26   0   0   0   3   0   0   4   1   7  42   0   4   1   0   2   2   0   0   7  0.68 1.55
   29 K   -1  2  3  2 -4  1  2  0 -1 -4 -3  2 -4 -4  2 -1 -2 -4 -3 -4    6  10  12  10   0   6  14   9   2   1   2  10   0   1  11   3   2   0   1   1  0.36 1.55
   30 V    0 -2 -3 -5 -2 -1 -4  0 -2  3  3 -3  0 -1  1 -3 -3 -3 -4  3    6   2   1   0   1   3   1   8   1  14  25   2   2   2   8   1   0   0   0  23  0.42 1.56
   31 S   -2  4  0  0 -4  2  0  0 -1 -4 -4  2 -3 -4  1  0  2 -5 -4 -4    2  22   4   6   0   8   5   7   2   1   1  15   0   1   6   5  13   0   0   0  0.44 1.54
   32 Q    0  1 -1 -1 -2  1  2 -1  0 -4 -5  2 -4 -6  5  0 -2 -6 -5 -4    8   7   2   2   1   7  13   5   2   1   1  11   0   0  30   7   2   0   0   1  0.65 1.52
   33 D   -2 -2  1  3 -3 -1  0  5 -2 -6 -5 -1 -5 -6 -2  0 -2 -6 -5 -5    2   2   7  17   0   3   6  49   1   0   1   3   0   0   2   6   2   0   0   0  0.91 1.53
   34 D    0 -1 -1  5 -3  0  2  0 -1 -4 -3  1  0 -2 -3  0 -2 -6 -5 -4    7   3   2  36   1   4  13   6   2   1   2   8   3   2   1   7   2   0   0   1  0.58 1.52
   35 I   -2  4 -2 -4 -2 -3 -3 -4 -1  1 -1  1 -1 -4 -3  0  4 -5 -3  2    2  21   1   1   1   1   1   0   1   7   5   8   2   0   1   6  24   0   1  18  0.50 1.48
   36 V   -2 -5 -6 -6 -4 -5 -6 -5 -2  1  3 -5  0  4 -6 -4 -3 -4 -3  5    2   0   0   0   0   0   0   1   1   6  24   0   1  15   0   0   1   0   0  48  1.03 1.51
   37 Y   -2 -5 -6 -6 -4 -5 -5 -6 -4  3  4 -5  0  1 -5 -5 -4 -3  5  2    2   0   0   0   0   0   0   0   0  14  44   0   1   5   0   0   0   0  18  15  0.95 1.49
   38 D   -5 -4 -1  8 -7 -3  1 -4  0 -6 -7 -4 -3 -7 -5 -3 -4 -7 -6 -6    0   0   1  89   0   0   8   0   2   0   0   0   1   0   0   0   0   0   0   0  2.15 1.56
   39 L    0 -5 -6 -6 -2 -5 -6 -6 -5  3  4 -5  0  1 -2 -5 -4 -4  1  3    7   0   0   0   1   0   0   0   0  13  48   0   2   5   2   0   0   0   4  18  0.88 1.56
   40 G   -1 -5 -3 -4  0 -5 -5  7 -5 -6 -6 -4 -5 -3 -5 -3 -4 -5 -2 -6    3   0   0   0   2   0   0  90   0   0   0   0   0   2   0   0   0   0   2   0  2.00 1.57
   41 C   -1 -5 -4 -5 10 -4 -5 -4 -5 -4 -4 -4 -4 -5 -4  4  0 -5 -5 -4    4   0   0   0  57   0   0   0   0   0   0   0   0   0   1  31   6   0   0   0  1.98 1.57
   42 G   -3 -5 -2 -4 -5 -5 -5  7 -5 -6 -6 -4 -5 -6 -5 -2 -4 -5 -6 -6    0   0   2   0   0   0   0  94   0   0   0   0   0   0   0   2   0   0   0   0  2.16 1.57
   43 D   -3 -3 -1  4 -1 -4 -2 -3 -4 -1  0 -2  0 -3 -4  2  1  6 -1  1    1   1   2  27   1   0   1   2   0   4   8   2   3   1   1  16  10  10   2   9  0.53 1.57
   44 G   -1 -5 -4 -4  0 -5 -4  7 -5 -7 -7 -5 -6 -6 -5 -3 -5 -6 -6 -6    3   0   0   0   2   0   1  92   0   0   0   0   0   0   0   1   0   0   0   0  2.13 1.68
   45 R   -1  5 -1  0 -5  0 -2  1  0  2 -4  1 -4 -3 -5 -1 -1 -2 -2 -2    5  31   2   5   0   5   1  12   2  14   1   6   0   1   0   5   4   1   1   3  0.50 1.66
   46 I   -1 -5 -3 -3 -4 -5 -5 -1 -6  4  3 -5  2 -1  1 -3 -2  2 -4  3    4   0   1   2   0   0   0   6   0  21  26   0   6   2   7   1   3   3   0  18  0.57 1.68
   47 I    3 -5 -3 -3  2 -5 -5 -2 -6  0  2 -5  1 -3 -2 -1  0 -6 -5  4   22   0   1   1   5   0   0   3   0   5  19   0   3   0   2   4   7   0   0  28  0.57 1.74
   48 I   -3  1 -4 -5  0 -3 -4 -6 -3  5  3 -3  1  2 -6 -4 -3 -5 -4  2    2   9   1   0   2   1   1   0   1  37  23   1   4   8   0   1   1   0   0  10  0.79 1.75
   49 T    3  1 -3 -2 -3  1  1 -3  2 -1 -2 -2  0 -1 -1 -1  0  3  0 -2   30   8   1   2   1   6   9   1   4   4   4   2   2   3   4   5   6   4   4   3  0.31 1.70
   50 A    5 -4 -5 -6  0 -4 -5 -3 -5  1  3 -5  2 -1 -4 -3 -2 -5 -4  0   50   0   0   0   2   1   0   1   0   6  25   0   4   2   1   1   2   0   0   5  0.86 1.74
   51 A    6  0 -5 -4 -1 -4 -3 -2  0 -2 -1 -3 -3 -5 -4  0 -3 -6 -3  0   69   5   0   1   1   0   1   1   2   1   5   1   0   0   0   5   0   0   1   6  1.07 1.75
   52 K    0  4 -2 -3 -3  2  0 -2  1 -5 -3  5  0 -5 -4 -1 -2 -5 -2 -4    7  22   1   1   1   8   6   3   4   0   3  34   2   0   1   4   2   0   1   1  0.71 1.71
   53 D    1  3 -2 -2 -3  2  2 -3  3 -2  0  1  1 -2 -3  0 -1 -4 -1 -1   13  14   1   2   1   8  12   2   8   2   9   8   3   1   1   6   3   0   2   5  0.27 1.61
   54 F   -2  0 -2 -3  1 -3 -3  0  2 -3  2 -3 -1  4 -4 -1  1  0  4 -1    3   6   1   1   3   1   1   8   5   1  19   1   1  14   1   5   9   1  15   4  0.39 1.53
   55 N   -2  0  0 -3 -2 -1 -3  5 -1 -4 -4 -1 -4 -4  5 -2 -3 -5 -4 -5    3   6   4   1   1   3   1  41   2   1   2   4   0   1  27   2   1   0   1   1  0.93 1.59
   56 V    4 -2 -2  0  5  0 -3  1 -2 -1 -2 -3 -4  0 -3 -2 -2 -5 -4  2   30   2   2   6  11   5   1  10   1   3   3   1   0   5   1   2   2   0   0  14  0.45 1.74
   57 K    2  1  0 -1  0 -2 -1  1  0 -2  0  2 -3  0 -2  0 -2 -1 -2 -1   17   7   4   3   2   2   3  11   2   2   8  15   1   4   2   6   2   1   2   5  0.16 1.36
   58 K   -2  4 -2 -3 -5  2  1 -4  3 -3 -3  3 -1 -4  0  0 -1 -5 -3 -3    2  25   1   1   0  11   9   1   7   1   2  19   1   1   5   8   3   0   1   2  0.58 1.64
   59 A    3 -5 -5 -5  3 -5 -5  0 -3  0  0 -5 -1  0 -5  0 -2 -5 -2  4   28   0   0   0   6   0   0   7   1   5   7   0   1   5   0   6   2   0   1  30  0.62 1.72
   60 V   -3 -3 -2 -2 -2 -3 -2 -4  2  3  0 -4 -1 -1 -5 -4  1  2  1  5    1   2   2   3   1   1   2   1   5  17   7   0   1   3   0   1   9   3   6  36  0.60 1.74
   61 G    0 -5 -4 -5  0 -5 -5  7 -5 -7 -6 -5 -3 -6 -5 -3 -5 -6 -6 -6    7   0   0   0   2   0   0  89   0   0   0   0   1   0   0   1   0   0   0   0  2.04 1.74
   62 V   -3 -6 -6 -7 -4 -6 -6 -5 -3  5  1 -6  0 -1 -6 -5 -3 -1  2  5    1   0   0   0   0   0   0   1   1  35  11   0   2   2   0   0   1   1   8  39  1.15 1.76
   63 E   -3 -4 -1  5 -6 -2  6 -5 -4 -6 -6 -3 -5 -7 -4 -1  1 -7 -6 -6    1   0   1  34   0   0  52   0   0   0   0   0   0   0   0   3  10   0   0   0  1.46 1.76
   64 I   -3 -2 -1 -6 -5 -5 -4 -4 -5  5  3 -1  1 -1 -5 -3 -1  3  0  0    1   2   4   0   0   0   1   1   0  33  30   5   3   2   0   1   3   3   4   5  0.71 1.74
   65 N    1 -1  4  5 -3 -2 -2 -4 -4 -5 -4 -3 -5 -4 -5  3 -1 -3 -5 -2   12   3  22  28   1   1   1   0   0   0   2   0   0   1   0  24   3   0   0   3  0.82 1.74
   66 D   -2  0 -3  1 -4 -1  3 -3 -2 -5 -5  0 -3 -2  6 -2 -3  2 -5 -4    3   4   1   8   0   2  18   2   1   1   1   6   0   2  43   2   1   3   0   1  1.03 1.73
   67 E   -1 -1 -1  1 -3  1  2 -3 -2 -1 -1  0 -1 -2  0 -1 -1  7  1  1    6   4   3   7   0   8  14   2   1   3   7   5   1   1   4   4   3  14   4   9  0.36 1.72
   68 R    2  0 -3 -5 -2  3 -3 -5 -5 -2  3 -3  3 -1  2 -1 -3 -5 -4 -2   19   5   1   0   1  14   0   0   0   1  34   1   6   3   9   3   1   0   0   2  0.55 1.73
   69 I    0 -4 -4 -6  1 -4 -5 -4 -1  3  1 -4 -3 -1 -5 -3 -2  4  2  5    9   1   1   0   2   1   0   1   2  17  12   0   0   2   0   2   2   6   6  36  0.71 1.73
   70 R    1  2  0  0 -3  1  3 -3 -2 -4  0  2 -3 -3 -1 -1 -1  4 -1 -3   12  11   4   5   0   6  17   2   1   1  10  11   0   1   3   4   3   5   3   1  0.28 1.73
   71 E    0  1 -3 -2 -3  0  0 -5 -1  1  1  0 -2  0 -5 -1 -1  3  4  0    9   9   1   2   1   3   7   0   1   6  14   6   1   4   0   5   3   4  15   8  0.26 1.73
   72 A    5 -3 -4 -5  2 -4 -4 -1 -5 -3 -2 -4 -4 -2 -4  3 -2 -1 -5 -2   55   1   0   0   4   0   0   3   0   1   3   0   0   2   0  24   2   1   0   3  0.99 1.73
   73 L   -1  4  0 -1  1  1  0 -2  1 -1 -1  1  1 -1 -5 -1 -1  2  0 -1    4  25   5   3   3   6   5   3   3   3   5   8   4   3   0   5   4   3   3   4  0.31 2.07
   74 A    0  0  0  0  1  0  3 -2  1  0 -1  0  1  0 -1  0 -1  2  0 -1    8   4   4   6   3   5  17   4   3   5   7   6   3   4   3   6   4   3   4   4  0.11 2.06
   75 N   -1  4  6 -2 -3 -1 -2 -4  2 -4 -2  1  1 -1 -5 -2 -3  1 -1 -3    6  21  34   1   1   2   2   1   4   1   4   7   4   3   0   2   1   2   2   2  0.74 1.90
   76 I    4 -1 -1 -5  2 -3 -4 -2 -3  2  0 -1  0 -1 -5 -1 -1  0 -3  1   38   4   4   0   3   1   1   2   1  11   7   4   2   2   0   4   3   1   1  10  0.47 1.90
   77 E    1  2 -1 -2 -3  1  2 -2  0 -3  0  2 -2 -2 -3 -2 -3  5 -2 -3   10  13   2   2   1   6  16   3   2   2   9  14   1   1   1   3   1   9   1   1  0.38 1.90
   78 K   -1  5 -2 -1 -1  1  1 -4 -1 -2  0  2 -2 -1 -3 -1 -2  3  1 -3    6  28   2   3   2   5   8   1   1   2   8  12   1   2   1   4   3   4   4   1  0.43 1.89
   79 N    3 -1  5 -3 -3 -1  1 -1  0 -3 -1 -2  1 -2 -2 -1 -2 -5 -2 -3   21   3  28   1   1   2  10   5   2   1   7   2   4   2   2   3   2   0   2   1  0.48 1.85
   80 G   -1 -1  0 -1 -5 -1 -3  5  1 -3 -2  1 -4 -1 -3 -2 -4  1 -3 -3    4   4   5   4   0   2   2  50   3   2   5   8   0   2   2   3   1   2   1   1  0.76 1.81
   81 V   -2 -1 -5 -5  0 -2 -4 -4 -1  1  3 -2  1 -2 -1 -1 -1  2 -1  4    3   4   0   0   2   2   0   1   2   5  28   3   3   1   3   5   3   2   2  29  0.50 1.83
   82 T    1  1 -1  0  1  1  2  0  3 -4 -3  0 -4 -1 -1  2  0 -1  0 -2   11   7   3   6   3   5  12   6   7   1   2   5   0   2   3  15   7   1   4   2  0.21 1.84
   83 G   -1 -1  2  4  0  0  0  2  2 -4 -4  0 -3 -5  1  0 -2 -5 -3 -4    6   3  10  23   2   3   6  14   4   1   2   6   1   0   6   8   2   0   1   1  0.43 1.87
   84 R   -2  4  1  0 -2  2 -1 -4 -1 -3  0  3 -2 -2 -2  0 -2  1 -4 -3    3  25   7   6   1   8   3   1   2   1   8  16   1   2   2   6   3   2   0   2  0.44 1.79
   85 A    2 -3 -5 -6  3 -5 -5 -4 -5  2  1 -5  0  0 -4 -3  1 -5  1  4   18   1   0   0   6   0   0   1   0  12  10   0   2   4   1   1   8   0   5  29  0.61 1.94
   86 S   -2  3 -2  0 -1  1  3 -4  0 -2 -3  2 -4 -3 -4  2  2 -5 -2 -2    3  13   2   4   1   5  21   1   2   2   2  11   0   1   1  13  13   0   1   3  0.43 1.91
   87 I   -3 -6 -6 -6 -5 -6 -6 -5 -2  3  2 -6 -2  6 -6 -5 -3  0  1  3    2   0   0   0   0   0   0   1   1  14  20   0   0  34   0   0   1   1   3  21  1.06 1.93
   88 V   -2  3 -4 -3 -2 -1  0 -4  1  3  0 -1  0  0 -2 -2 -2 -3  2  2    3  18   0   1   1   3   7   1   4  14   9   4   2   4   3   3   2   0   8  12  0.32 1.93
   89 K   -3  4 -1 -2  3  1  0 -5  2 -2  1  2 -4 -3 -3 -3 -2  3  1 -1    2  19   3   2   7   7   7   1   6   2  15  11   0   1   1   1   3   3   4   4  0.38 1.91
   90 G    1  0 -2 -1 -1  3  0  5 -3 -5 -4 -1 -1 -4 -1  0 -3 -6 -5 -4   11   5   1   3   1  11   6  40   0   0   2   4   2   1   4   7   1   0   0   1  0.64 1.92
   91 N   -4 -3  4  7 -6 -3 -1 -4  0 -6 -4 -2 -4 -4 -3  0 -4 -6 -3 -5    1   1  17  62   0   1   2   0   2   0   2   3   1   1   1   6   0   0   1   1  1.45 1.90
   92 F    1 -4 -4 -2 -5 -4 -4 -4 -4  1  3 -4  2  5 -2 -4 -4 -2  3 -1   11   1   1   3   0   1   1   1   0   9  29   1   5  24   2   1   0   0   8   3  0.68 1.88
   93 F   -1  1 -4 -3 -2  0 -1 -4 -1 -3  2 -2  2  4 -4 -2 -1  8  0 -3    4   9   1   1   1   5   4   1   1   1  17   2   5  14   1   2   5  22   2   1  0.77 1.86
   94 E    0  1  0  3 -3  1  2 -3  0 -5 -3  3 -3 -6  1 -1 -1 -6 -5 -4    9   7   4  19   1   5  14   1   2   0   3  20   1   0   6   4   3   0   0   1  0.48 1.90
   95 V    1 -4 -3  0  1 -1  0 -3  0  0  1 -3  1  1 -3 -2  1 -5 -1  3   13   1   1   5   3   2   7   2   2   5  12   1   3   5   1   3   8   0   2  23  0.27 1.94
   96 D   -2 -1  2  5 -6 -2  0 -2 -1 -3 -4  0 -3 -4  4  0 -1 -6 -4 -1    3   4   8  28   0   2   6   2   1   1   1   5   0   1  21   7   3   0   0   5  0.65 1.95
   97 I   -1 -3 -3  0 -3 -2 -1 -4  1  1  3 -3 -1  3 -4 -3 -3  4  0 -1    5   1   1   7   0   2   5   2   3   8  33   1   1  14   1   1   2   5   3   4  0.46 1.96
   98 S    1  1 -1 -1 -3 -1  0  2 -1 -4 -5  1 -3 -3  2  3  0 -6 -3 -4   11   9   2   3   0   2   7  17   1   1   1   8   0   1  11  19   5   0   1   1  0.38 1.92
   99 E   -2 -1  0  4 -4  2  3 -1 -1 -4 -5  1 -5 -2  2 -1 -2 -6 -3 -4    2   4   3  26   0  11  18   5   1   1   1   9   0   2   9   4   2   0   1   1  0.58 1.90
  100 A    4 -4 -1 -2  2 -2 -3 -3 -2 -3 -3 -4 -4  4 -3 -1 -2 -4  5 -2   38   0   3   3   4   2   1   2   1   1   1   1   0  15   1   4   2   0  19   2  0.78 1.92
  101 T   -1 -2  0  6 -5 -2 -2 -2 -1 -4 -5 -3 -5 -3 -3  2  3 -6 -3 -4    4   2   4  47   0   2   1   2   1   1   1   1   0   1   1  13  17   0   1   1  0.98 1.90
  102 V    0 -4  1 -2  0 -4 -5 -2 -2  3  1 -5  0  1 -5 -3 -2 -5 -2  5    9   1   8   3   2   0   0   3   1  15  11   0   2   7   0   1   1   0   1  35  0.60 1.90
  103 V   -3 -2 -5  1 -1 -5 -5 -5 -6  4 -1 -5 -2 -2 -5 -4 -3 -6 -5  6    2   2   0   8   1   0   0   1   0  22   5   0   1   1   0   1   1   0   0  55  1.16 1.90
  104 T   -1 -5 -5 -4  1 -5 -4 -2 -4  1 -1 -4 -1  3 -4  0  1 -4  4  4    4   0   0   1   2   0   1   3   0   5   4   1   1  12   1   8  10   0  13  34  0.65 1.90
  105 M    4 -4 -3 -5  3 -4 -4 -4 -2  2  0 -5  2  0 -4  0 -3 -5 -1  3   33   1   1   0   6   1   1   1   1  11  10   0   4   4   0   6   1   0   2  17  0.58 1.90
  106 F   -3 -5  5 -4 -1 -4 -4 -2 -3  1 -3 -5 -3  5 -6 -4 -3  2  5 -2    1   0  29   0   1   0   1   3   0   7   2   0   0  28   0   1   1   3  21   2  1.17 1.89
  107 L   -2 -4  0 -5 -1  0 -4  2 -5  4  3 -5  2  1 -5 -1 -4 -5 -1 -1    3   1   5   0   1   4   1  16   0  23  26   0   4   5   0   4   0   0   2   3  0.52 1.87
  108 L   -1 -1  0 -5 -3 -4 -4 -4 -1  2  3 -4  1  3 -3  1 -1  0  0  1    5   4   6   0   0   0   1   1   1   9  27   1   4  12   2   9   3   1   3  11  0.37 1.88
  109 T    2 -2 -3 -2  1 -3  2 -3 -2 -4 -4 -2 -4 -4  5  0  1 -6 -3 -2   20   2   1   2   3   1  13   2   1   1   2   2   0   1  32   7   7   0   1   3  0.72 1.89
  110 N    0 -1  2  2 -3  1  3  0  1 -4 -5 -2 -2 -1 -2  2 -1 -2 -2 -1    8   3  10  11   1   7  18   8   3   0   1   1   1   3   2  14   4   1   1   4  0.31 1.89
  111 V    0 -4 -4 -2 -5 -3 -4 -2  2  2 -1 -4  3 -2  3  0 -1 -3  0  3    7   0   1   2   0   1   1   3   5  10   6   1   8   1  16   7   4   0   3  24  0.44 1.89
  112 N   -3 -3  2 -1  1 -4 -4 -2 -1  2  3 -3  6 -2 -3 -2 -3 -2 -3  0    1   1  11   4   3   0   1   4   1  12  25   1  21   2   1   3   1   1   1   5  0.61 1.92
  113 E    0  2 -2 -1 -1  0  2 -2  5 -1  0  2 -1 -5  2 -2 -2 -4 -3 -2    7  12   1   3   1   4  14   3  15   4   8  10   1   0   9   3   2   0   0   3  0.37 1.95
  114 M    1  2 -3  1 -5  2  1 -4 -2 -1  0  1  2 -1 -3 -1 -1 -5 -1 -1   11  13   1   7   0   9  11   1   1   4  11   9   6   3   1   4   3   0   2   5  0.22 1.90
  115 L   -2 -5 -4 -4 -5 -5 -5 -4 -4  1  5 -4  3  1 -3 -5 -4 -2  1  1    3   0   1   1   0   0   0   1   0   6  57   1   7   6   2   0   0   1   5   8  0.94 1.90
  116 K    3  1 -3 -3 -2 -1  2 -1 -2  0  0  2 -1  1 -4 -1 -1  4 -1 -2   21   8   1   1   1   3  12   4   1   5   8  11   2   6   0   5   3   5   2   3  0.25 1.94
  117 P    0  1 -2  0 -6  0  3 -2  0 -4 -4  1 -3 -4  5 -1 -2 -6 -4 -3    7   8   2   6   0   4  16   3   2   1   2   8   1   1  31   5   2   0   0   2  0.66 1.94
  118 K   -1  2 -2  1 -6  0  1 -3 -2  0 -1  5  1 -4 -4 -2 -2 -3 -3  0    4   9   2   7   0   4  10   2   1   5   6  35   4   1   1   2   2   0   1   6  0.52 1.89
  119 L    1 -5 -6 -6 -3 -5 -6 -6 -6  3  4 -4  2  3 -6 -5 -4  2 -1  2   10   0   0   0   0   0   0   0   0  15  41   1   5  11   0   0   0   3   2  11  0.85 1.91
  120 E    1  1 -1 -1 -1  1  2 -3  0 -2  0  1 -1  1 -2  0 -2 -1 -1 -3   14   9   2   3   1   6  15   2   2   3   9  10   1   6   2   8   2   1   3   1  0.19 1.79
  121 K    2  4  0 -1 -4  0  0 -2 -1 -5 -3  2 -3 -5 -3  1 -1 -3 -5 -3   19  24   3   3   0   4   6   3   2   0   2  14   1   0   1  12   3   0   0   2  0.51 1.88
  122 E   -1 -1 -1 -1 -3  0  4 -4  2 -2  1  0 -2 -1 -5 -2 -2 -2  0  2    5   3   3   3   0   4  30   1   4   2  14   4   1   2   0   2   2   1   3  14  0.40 1.88
  123 L   -3 -4 -6 -5  0 -5 -5 -3 -6 -1  5 -5  4 -3 -2 -4 -2 -2 -4  1    2   1   0   0   2   0   0   2   0   1  64   0  11   0   2   1   2   0   0  10  1.13 1.90
  124 K    0  4 -2 -3 -4  1 -1 -4 -1 -5 -5  5 -3 -5  1 -1 -3 -6 -5 -3    9  24   2   1   0   5   4   0   1   0   0  37   1   0   7   3   1   0   0   2  0.87 1.91
  125 P   -1 -2 -1  2 -3 -1  0 -4  0 -4 -4  0 -5 -6  7 -1 -2 -7 -5 -3    4   2   2  10   1   3   6   1   2   1   1   5   0   0  54   5   2   0   0   1  1.28 1.91
  126 G   -3 -4  1  2 -6 -3 -2  7 -1 -6 -5 -3 -4 -6 -5 -2 -3 -6 -6 -5    1   1   6  10   0   1   2  71   2   0   1   1   0   0   0   2   1   0   0   1  1.50 1.88
  127 T    3 -3 -3 -3  0 -4 -4  5 -3 -4 -4 -3 -5 -6 -3  2  2 -5 -5 -3   20   2   1   1   2   0   0  45   0   1   1   1   0   0   1  13  11   0   0   1  0.92 1.85
  128 R   -4  6 -3 -4 -4 -1 -4 -6  0 -1  0  1  1 -1 -5 -3 -1  3  0 -1    0  46   1   1   0   2   0   0   2   4  11   9   3   2   0   1   5   4   4   5  0.86 1.89
  129 V   -2 -6 -5 -7 -2 -6 -6 -7 -6  4  3 -6  0  3 -5 -4 -3 -3  0  4    2   0   0   0   1   0   0   0   0  22  25   0   2  14   0   1   1   0   2  30  0.96 1.90
  130 V   -1 -6 -6 -6 -4 -5 -5 -6 -2  5  2 -6  0 -3 -6 -3 -3 -6 -3  5    6   0   0   0   0   0   0   0   1  32  16   0   1   1   0   1   0   0   1  39  1.10 1.86
  131 S    2 -4  1 -4  0 -4 -4 -3 -3  0 -1 -4 -2 -3 -5  4  2 -6 -4  0   17   0   7   0   2   0   0   1   0   6   6   0   1   1   0  38  12   0   0   7  0.64 1.83
  132 H   -1 -3  2 -4  5 -3 -4 -1  6 -1 -1 -4 -2 -2 -5  3  0 -5  2 -1    3   1   9   0  11   1   0   5  19   4   8   0   1   1   0  20   5   0   8   5  0.62 1.82
  133 E   -1  3  1  4  3 -1  2  0 -3 -4 -5 -2 -2 -6 -5  0  0 -1 -3 -1    5  15   5  23   6   2  12   8   0   1   1   1   1   0   0   6   7   1   1   5  0.46 1.80
  134 F   -4 -4 -6 -6 -5 -6 -6 -4 -4  2  0 -6 -2  7  0 -4 -5  4  2 -2    1   1   0   0   0   0   0   1   0  14   6   0   0  56   5   1   0   6   6   2  1.44 1.77
  135 E    0  1 -3  0 -3 -1  1 -2 -2 -2 -2 -1 -4 -4  5 -1  1 -6 -4 -1    8   9   0   6   0   2  11   3   1   3   5   3   0   0  30   5  10   0   1   4  0.53 1.76
  136 I   -1  2 -5 -5 -5 -4 -4 -4 -5  3  2 -1  4  3 -4 -3 -3 -5  0  2    4  11   0   1   0   0   1   1   0  19  21   3   9  11   1   2   1   0   3  13  0.54 1.78
  137 R    0  2 -1 -3 -3 -1 -1 -1 -2 -5 -4 -2 -5 -6  7 -1 -1 -6 -5 -5    7  12   4   1   1   2   4   6   1   0   2   1   0   0  51   4   4   0   0   0  1.18 1.77
  138 G   -1 -1  1  3 -2 -2  0  4  1 -6 -5 -1 -5 -5 -2  0  0 -2 -2 -5    4   3   7  16   1   2   6  36   3   0   1   4   0   0   2   6   7   1   1   0  0.61 1.72
  139 W   -3  1 -1 -2 -1 -2  0 -4 -2 -1  0 -2  2 -1 -4 -3 -2 10  1  0    2   8   3   3   1   1   7   1   1   4  10   2   5   2   1   2   2  36   4   6  1.11 1.69
  140 N   -2  0  2  1 -3  2  1 -4  3  0 -1  3 -1 -5  0 -1  2 -6 -4  0    2   4   9   6   0   9   8   1   6   5   6  16   2   0   6   3  11   0   0   6  0.28 1.73
  141 P    0 -3 -4 -2 -4 -3 -1 -4 -2 -3 -1 -3 -4 -5  8 -2 -3 -3 -5 -2    8   1   1   2   0   1   4   1   1   2   6   1   0   0  65   2   1   0   0   3  1.59 1.69
  142 K   -1 -2 -2  3 -2  0  2 -4  0 -1 -3  1 -1  0 -2  1  1  0  1  0    4   2   1  18   1   5  13   1   2   4   2   7   2   4   2  10   8   1   5   8  0.25 1.69
  143 E    2  2 -2  1 -5  1  2 -3  3 -4 -3  3 -2 -4 -3 -1 -1  0 -4 -2   19  13   1   9   0   5  12   1   8   1   2  15   1   0   1   4   3   2   0   3  0.41 1.69
  144 V   -1 -2 -4 -4  0 -2 -2 -5 -2  3  0 -3 -2 -1 -5 -1  3 -5 -2  4    4   2   0   1   2   1   3   0   1  17   6   2   1   2   0   5  18   0   1  34  0.61 1.68
  145 I   -1  1 -4 -1 -1 -2  1 -2 -4  3  1  0 -1 -2 -5 -3  0  1  1  2    4   7   0   4   1   1  10   3   0  19  11   7   1   2   0   1   5   2   6  16  0.28 1.65
  146 K    0  3  0  0 -3  2  2 -2  2 -3 -3  1 -3 -4  1 -1  1 -4 -2 -2    6  16   3   5   1   7  15   3   6   2   2   9   0   1   7   4  10   0   2   3  0.31 1.50
  147 V   -1 -2 -2 -1  0  0 -3 -3 -3  3  1 -3  2  2  0 -2 -1 -3 -2  3    6   2   2   4   2   4   2   2   0  14  14   2   4   7   5   3   4   0   1  22  0.28 1.38
  148 E   -1  1  1  1 -2  0  1 -1 -1  0  0  0  1 -1  0  0 -1 -3  0  0    5   7   7   7   1   4  11   4   2   5  11   6   3   2   4   6   4   0   4   6  0.07 1.36
  149 D    0 -1 -2  5 -1  0  2  0  2 -2 -3  0 -3 -3  1 -1 -2 -4 -2 -2    9   3   1  29   1   4  11   8   5   3   3   5   0   1   6   4   2   0   2   3  0.41 1.37
  150 G    0 -1 -1 -1 -2 -3  0  4 -1 -1 -1 -1 -2  0  0  0 -2 -2 -3 -2    8   3   3   3   1   1   6  37   1   4   8   4   1   5   4   5   3   1   0   3  0.39 1.47
  151 N   -2  1  2  1 -4  0  2  1  1 -2 -1  0 -2 -1 -1  1 -2  3 -3 -4    3   9   9   7   0   4  16  10   4   2   6   6   1   3   3  10   2   4   0   1  0.23 1.49
  152 M   -1  1 -1 -2 -2 -2 -1  4  0 -1 -1 -3  1 -4  1 -2  0  2  1  0    5   9   2   2   1   2   3  29   2   3   7   1   3   0   7   2   5   3   5   7  0.32 1.52
  153 N   -2  0  1  0 -4 -1  0  1 -2  2 -2  0 -1  0  1  1  1 -1 -2  1    2   6   6   4   0   2   7   9   1  11   3   5   1   3   7  11   9   1   1  10  0.13 1.60
  154 H   -2  2  0  3 -1 -2  0 -4  4 -2  0 -1 -2 -3 -3  0  1  4 -2 -3    4  12   4  20   2   1   5   1  11   3  10   4   1   1   1   6   8   5   1   1  0.39 1.60
  155 T    0  1 -2 -1 -4  0 -2 -2 -4  0 -3  1 -4 -1  2  1  4 -1  0 -1    7   8   1   3   0   3   3   2   0   7   2   9   0   3  11   9  24   1   3   4  0.32 1.64
  156 V   -1 -5 -4 -6  1 -5 -5 -6 -3  4  2 -5 -1 -1 -5 -4 -2 -2  0  5    5   0   1   0   3   0   0   0   1  19  22   0   1   2   0   1   1   1   3  41  0.89 1.68
  157 Y   -5 -5 -5 -4 -5 -3 -3 -6  1 -3 -3 -4 -2  3 -5 -4 -5  9  8 -5    0   0   0   1   0   1   1   0   3   1   1   1   1  11   0   1   0  27  51   0  2.08 1.68
  158 L    1 -1 -4 -6  1 -5 -5 -3 -5  2  3 -2 -1  1 -5 -4 -2 -2 -1  3   11   3   1   0   3   0   0   2   0  12  32   2   1   5   0   1   2   1   2  22  0.56 1.65
  159 Y   -3 -5 -3 -6 -5 -3 -3 -2  3 -4 -5 -5 -4  1 -6  0 -4  7  8 -5    1   0   1   0   0   1   1   4   6   1   0   0   0   2   0   8   0  15  61   0  1.86 1.67
  160 V   -2  3 -4  1  5 -1 -1 -5 -2  1 -3  2 -4 -4 -4 -2  1 -6 -5  2    2  19   0   9  12   2   3   0   1   9   1  14   0   0   1   1  10   0   0  15  0.55 1.64
  161 I   -1 -3  0 -5 -4 -4 -5 -4 -5  5  0  1  4 -4 -5 -3 -3 -6 -4  4    5   1   5   0   0   0   0   1   0  34   6  10  12   0   0   1   1   0   0  24  0.81 1.57
  162 G   -3 -2 -2  1 -3  1 -1  4 -4 -6 -4 -1 -5 -6  5  1 -2 -6 -6 -5    0   2   1   8   1   5   4  30   0   0   2   3   0   0  33   9   1   0   0   0  0.95 1.48
  163 E    2  2 -3  0 -5  2  4 -3  0 -5 -3  2 -4 -5 -4  1 -2 -6 -4 -4   17  10   0   5   0   8  32   1   2   0   2  10   0   0   0  12   1   0   0   0  0.64 1.37
  164 H   -3 -2  0 -3 -3  1  0 -3  4 -3 -4  1 -4  0  0  2  3  5 -3  0    0   1   3   0   0   7   6   1  12   1   1   7   0   5   5  14  23   7   0   6  0.49 1.31
  165 K   -2  4 -3 -4 -5  4 -1 -4 -3  0 -3  4 -3 -5 -1 -1  0 -5 -4 -2    3  26   0   0   0  22   1   0   0   8   1  27   0   0   2   2   5   0   0   2  0.78 1.19
  166 L   -1  2 -2 -4 -4  2 -1 -3 -4 -2  3  1 -1  0  1 -2 -1  1 -3  1    5  10   2   0   0  11   4   1   0   0  26   8   1   5   8   2   2   2   0  12  0.28 1.10
  167 E   -3  2 -1 -2 -6  4  5 -4  1 -3 -5  1 -4 -5 -4 -2  0 -5  0 -4    0  10   3   0   0  22  45   0   3   1   0   6   0   0   0   0   6   0   4   0  0.92 1.07
  168 E   -3 -2 -2  3 -5  3  4  1 -2 -5 -5  2 -4 -5 -3 -2  1 -5 -1 -4    0   0   0  16   0  15  30  11   0   0   0  15   0   0   0   0  12   0   2   0  0.65 0.86
  169 E    1 -2 -2 -2 -4  3  4 -3  2 -3  2 -2 -2 -3 -3  1 -2 -4 -3 -3   16   0   0   0   0  12  32   0   6   0  25   0   0   0   0   9   0   0   0   0  0.47 0.66
  170 D    0 -2  3  6 -4 -1  0 -2 -2 -4 -4  1 -4 -5 -3  2 -2 -5 -4 -4   10   0  14  49   0   0   0   0   0   0   0  11   0   0   0  15   0   0   0   0  0.79 0.52
  171 L   -2 -3 -4 -4 -2 -3 -4 -4 -4  1  4 -3  1 -1 -4 -3 -2 -3 -2  4    0   0   0   0   0   0   0   0   0   0  60   0   0   0   0   0   0   0   0  40  0.63 0.28

                      K         Lambda
Standard Ungapped    0.1367     0.3160
Standard Gapped      0.0410     0.2670
PSI Ungapped         0.1780     0.3189
PSI Gapped           0.0545     0.2670
