
Last position-specific scoring matrix computed, weighted observed percentages rounded down, information per position, and relative weight of gapless real matches to pseudocounts
           A  R  N  D  C  Q  E  G  H  I  L  K  M  F  P  S  T  W  Y  V   A   R   N   D   C   Q   E   G   H   I   L   K   M   F   P   S   T   W   Y   V
    1 E   -3 -2 -1  5 -5  3  5 -3 -2 -5 -5  1 -4 -5 -3 -2 -3 -5 -4 -4    0   0   0  37   0  12  45   0   0   0   0   6   0   0   0   0   0   0   0   0  1.10 0.70
    2 E   -1 -1 -2  4 -5  2  6 -4 -2 -5 -5  0 -4 -5 -3 -2 -3 -5 -4 -5    4   3   0  23   0   6  60   0   0   0   0   4   0   0   0   0   0   0   0   0  1.16 0.89
    3 D   -1 -1 -3  2 -4  0 -2 -3  2  3  1  3  2 -3 -4 -3 -2 -5 -3  0    4   1   0  12   0   3   1   1   5  22  13  26   7   0   0   0   1   0   0   5  0.41 0.95
    4 L   -2 -5 -5 -6  1 -4 -5 -6 -5  4  4 -3  0  0 -2 -4 -3 -4 -3  3    3   0   0   0   3   0   0   0   0  25  39   2   1   3   2   0   0   0   0  23  0.80 1.04
    5 M   -3 -4  3 -2 -4 -4 -4 -5 -4  5  2 -1  2 -2  2 -1 -2 -5 -4  0    0   0  14   2   0   0   0   0   0  33  21   3   4   1  10   4   1   0   0   5  0.58 1.07
    6 S   -2  3  1  0 -5  1  5 -2 -3 -4 -4  1 -2 -5 -1  0 -2 -5 -4 -4    2  16   6   5   0   6  40   3   0   1   1   9   1   0   2   7   1   0   0   1  0.66 1.11
    7 Y   -2 -4 -5 -5 -4 -4 -5 -5 -3  2  4 -5  2  3 -5 -2 -3 -3  4 -2    2   0   0   0   0   0   0   0   0  11  46   0   4  14   0   4   0   0  17   0  0.88 1.16
    8 V   -2  0  0  6 -5 -2  2 -1 -1 -5 -5 -3 -5 -5 -4  2 -3 -6 -5 -1    1   4   2  50   0   0  14   5   1   0   0   0   0   0   0  15   0   0   0   6  0.97 1.21
    9 P   -1 -5 -4 -4 -5 -4 -2 -5  1 -2 -3 -4 -1 -1  8 -2 -2 -6 -5 -2    4   0   0   0   0   0   2   0   3   3   2   0   2   3  75   2   2   0   0   3  1.90 1.26
   10 H   -1  2 -1 -4 -5 -2 -2  5  4 -5 -3 -3 -4  4 -5 -1 -2 -4 -3 -5    4  11   2   0   0   2   2  44   9   0   1   1   0  18   0   4   2   0   0   0  0.84 1.30
   11 V    1 -2 -4 -4 -4  1 -2 -4 -4  0  2 -2  6 -2 -4  1 -3 -4 -2  2   11   1   0   0   0   7   2   0   0   3  22   1  26   1   0  10   1   0   1  12  0.60 1.28
   12 P    5 -4 -2 -4 -4 -2 -3 -1 -4 -4 -4 -3 -4  1  5 -1 -1 -5 -4 -2   46   0   2   0   0   2   1   3   0   0   0   0   0   8  28   4   4   0   0   2  0.95 1.28
   13 Y   -2 -2  3 -4 -5 -3 -3 -4 -1 -1 -3 -4 -3  7 -5 -4 -4 -2  4 -3    3   3  14   0   0   1   2   1   1   3   0   0   0  59   0   0   0   0  12   0  1.34 1.30
   14 V   -2 -2 -3 -4 -4  0 -4  5 -2 -2 -4 -1 -1 -4 -4 -1  1 -5  0  3    1   2   0   0   0   5   0  45   1   1   0   3   2   0   0   5   8   0   3  24  0.78 1.37
   15 P   -2 -2 -3 -4 -1 -1  1 -1 -4 -3 -4 -2 -4 -2  5 -1  5 -5  0 -4    2   2   0   0   1   3  11   4   0   1   1   1   0   1  29   4  36   0   4   0  0.88 1.42
   16 T    0 -4 -1 -2 -2  3 -2  5 -4 -5 -5 -1 -1 -3 -5 -2  2 -5 -5 -3    6   0   2   2   1  12   2  53   0   0   1   3   1   1   0   1  12   0   0   1  0.93 1.43
   17 P    1 -3  0  0 -4 -3 -1 -4  3 -3 -3 -2 -4 -3 -1  1  4 -4  4 -4   13   1   5   4   0   1   3   0   9   1   2   1   0   0   2  12  30   0  16   0  0.61 1.43
   18 E   -1 -3 -2 -2 -5 -1  3 -2  8 -5 -4 -2 -3  1  0  0 -1 -1  0 -4    6   1   1   2   0   2  22   3  35   0   1   2   1   5   5   6   4   1   3   1  0.87 1.45
   19 K   -1  1  1 -1 -3  1  2 -2 -2 -2 -4  3  0 -5  4 -3  2 -6 -5 -1    6   6   5   3   0   5  13   3   1   2   1  16   2   0  20   0  12   0   0   4  0.44 1.46
   20 V   -3 -4 -4 -1 -4 -2 -3 -4 -2  3  3 -3  4 -2 -5 -2  4 -5 -4  0    1   1   0   4   0   2   1   1   1  16  27   1  10   2   0   3  27   0   0   4  0.62 1.50
   21 V    0 -3 -4 -5  1 -4 -3 -5 -2  3 -2 -4 -1 -3 -5 -2  4 -4  4  4    6   1   0   0   3   0   1   0   1  15   1   0   1   0   0   1  27   0  13  27  0.75 1.52
   22 R    2  3  1 -1 -3  2  0 -2  2 -3 -2  1 -1 -4 -4  1  0 -5 -2 -2   18  18   7   3   0   8   7   3   4   1   3   7   1   0   0  11   5   0   1   2  0.34 1.53
   23 R    0  3 -1 -4 -2  3 -1 -2  1 -1  2  0  4 -4 -3 -2  0 -5 -3 -2    6  16   4   0   1  12   4   3   3   3  21   6  10   0   1   2   6   0   1   2  0.35 1.54
   24 M    3 -4 -5 -6  6 -4 -5 -4 -5  3  0 -5  5 -1 -4 -2 -1  2 -4  1   24   0   0   0  18   0   0   1   0  18   6   0  14   2   0   2   3   3   0   8  0.82 1.57
   25 L   -1 -3 -5 -6 -1 -3 -4  0 -5  3  4 -3  3 -3 -5 -3 -2 -5 -4  2    5   1   0   0   1   1   1  10   0  15  39   2   8   0   0   1   2   0   0  14  0.65 1.55
   26 E    0  1  0  3 -4  1  4 -3  0 -4 -4  2  1 -4 -4 -1  0 -6 -4 -3    7   8   3  16   0   6  28   1   3   1   1  10   4   1   0   4   5   0   0   2  0.54 1.55
   27 I    0 -2 -2 -4  0  0 -2 -3  1 -1  2 -1  2  1 -5 -2 -2  7  0  0    9   2   2   1   2   4   3   2   4   3  23   4   5   5   0   3   2  17   3   5  0.52 1.54
   28 A    3 -4 -5 -5 -4 -3 -4 -3 -5  1  4 -4  1 -2 -5  0 -2 -5 -4  0   29   1   0   0   0   1   1   1   0   9  42   1   3   1   0   6   1   0   0   4  0.71 1.54
   29 K    1  0  2  4 -5  1  3  2 -2 -5 -4  1 -3 -6 -2 -1 -1 -6 -5 -4   12   4   8  20   0   5  17  15   1   0   1   8   1   0   1   3   3   0   0   0  0.50 1.55
   30 V    0 -3 -3 -3 -4  0 -3 -2 -4  2  2 -3  1 -2  2 -3 -2 -3 -1  3    9   1   1   2   0   4   1   3   0   9  22   1   3   1  12   2   2   0   2  24  0.41 1.56
   31 S   -2  3 -1 -2 -4  3 -1 -1 -3 -3 -2  3 -3 -1 -2  1  2 -5 -4 -2    3  14   3   2   0  14   2   4   0   2   4  21   1   3   2  11  11   0   0   2  0.40 1.55
   32 Q    1  1 -2  0 -5  1  1  0 -4 -5 -4  1 -5 -5  5  0 -3 -6 -4 -3   10   6   2   4   0   5  11   7   0   0   1   9   0   0  34   7   1   0   0   1  0.74 1.54
   33 D   -2 -3  2  3 -5 -1 -1  5 -1 -6 -5 -2 -3 -5 -1 -1 -2 -6 -4 -6    2   1   9  15   0   2   5  50   2   0   1   2   1   0   4   3   2   0   0   0  0.94 1.55
   34 D    0 -1 -1  4 -1  2  2 -2  0 -5 -4  3  2 -4 -4  1  0 -1 -3 -4    7   2   2  22   1   9  12   3   2   0   1  16   5   1   0   9   5   1   1   1  0.47 1.55
   35 I   -3  4  0 -3 -2  0 -2 -5  2  0 -2  3 -2 -3 -3  0  2 -3 -3  1    1  25   5   1   1   4   1   0   6   5   4  15   1   1   1   6  13   0   0  10  0.46 1.53
   36 V   -1 -4 -6 -6 -1 -5 -5 -4 -6  4  1 -5 -1 -1 -5 -4 -3 -5 -3  6    4   1   0   0   1   0   0   1   0  20  10   0   0   3   0   1   0   0   0  58  1.15 1.53
   37 Y   -2 -5 -6 -6 -1 -5 -6 -6 -5  2  5 -5  0  0 -6 -5 -3 -2  3  2    3   0   0   0   1   0   0   0   0  11  59   0   2   3   0   0   0   1  10  11  1.03 1.53
   38 D   -5 -4  0  8 -7 -3  2 -4 -4 -6 -7 -3 -6 -7 -4 -3 -4 -7 -6 -6    0   0   2  87   0   0  11   0   0   0   0   0   0   0   0   0   0   0   0   0  2.15 1.54
   39 L    0 -5 -6 -6  0 -5 -6 -6 -5  2  4 -5  1  0 -2 -5 -3 -1  0  4    7   0   0   0   2   0   0   0   0  11  37   0   4   4   2   0   1   1   4  29  0.80 1.54
   40 G    1 -5 -4 -5  3 -5 -5  6 -4 -5 -5 -5 -2  3 -5 -2 -4 -4  2 -5   11   0   0   0   5   0   0  62   0   0   0   0   1  11   0   1   0   0   9   0  1.32 1.54
   41 C   -1 -5 -4 -5 10 -5 -5  0 -5 -4 -4 -5 -4 -5 -2  1  2 -5 -5 -3    5   0   0   0  60   0   0   8   0   0   1   0   0   0   2   9  14   0   0   1  1.88 1.54
   42 G   -2 -5 -2 -4 -5 -5 -5  7 -5 -7 -7 -4 -6 -6 -5  0 -4 -5 -1 -6    1   0   1   0   0   0   0  89   0   0   0   0   0   0   0   7   0   0   2   0  1.98 1.54
   43 D   -1 -2 -1 -2 -2 -4 -4 -3 -2  1  0 -2  0 -4 -3  3  4 -1 -3  1    3   2   2   2   0   0   0   1   1   7  11   1   2   0   1  27  29   1   1   9  0.55 1.54
   44 G    0 -5 -3 -4 -5 -4 -5  7 -5 -6 -6 -4 -5 -6 -5 -2 -4 -5 -6 -5    5   0   0   0   0   0   0  91   0   0   0   0   0   0   0   2   0   0   0   0  2.03 1.50
   45 R    0 -2  2  2 -2 -2 -3  2 -2  3 -2 -4 -4 -5 -3 -1  2 -2 -1  0    8   2  12  14   1   2   1  15   1  17   2   0   0   0   1   3  13   1   2   6  0.35 1.54
   46 I   -2 -5 -4 -4 -2 -3 -5 -3 -4  3  4 -5  1  3 -1 -2 -3  1 -3  1    4   0   1   1   1   1   0   2   0  19  38   0   2  15   3   3   1   2   0   7  0.69 1.54
   47 I    4 -4 -4 -3 -2 -4 -4  1 -5 -3  0 -4  0 -5 -4  3  3 -5 -5 -1   31   0   0   1   0   0   0  11   0   1   9   0   2   0   0  19  22   0   0   3  0.65 1.54
   48 I    0  0 -5 -6 -1 -3 -3 -3 -3  4  3 -3  1  1 -5 -3 -4 -5 -4  1    9   6   0   0   1   1   2   2   1  27  32   1   3   5   0   1   0   0   0  10  0.63 1.53
   49 T    3  1 -3 -4 -1  0  0 -2 -2 -1 -1 -1  0  0  2  0 -1 -1  2 -2   25   8   1   0   1   4   7   2   1   4   6   4   3   4  11   7   3   1   7   2  0.24 1.48
   50 A    3 -1 -5 -5 -1 -4 -5 -4 -2  2  3 -4  4  1 -5 -2 -3 -1 -3  0   29   3   0   0   1   0   0   0   1  10  30   0  10   6   0   3   0   1   1   5  0.62 1.52
   51 A    5  0 -3 -4  0 -2 -2 -2  1 -3  0 -3 -3 -3 -4  1 -1 -3 -4 -3   58   4   1   0   2   1   2   2   4   1  12   1   0   1   0   8   2   0   0   1  0.78 1.50
   52 K    0  4 -1 -2 -2  1  1 -2 -2 -1 -1  4 -2 -4 -2 -1 -3 -4 -4 -2    7  23   2   2   1   5   9   3   1   4   6  27   1   0   1   4   1   0   0   3  0.50 1.39
   53 D    2  1 -1 -1 -2  0  1 -1 -1  0  1  2  0 -2 -2  0 -2 -3 -2 -1   16   7   3   3   1   5   8   5   2   4  14  12   2   1   2   7   2   0   2   4  0.12 1.25
   54 F    0 -1 -1 -2  0 -1 -2  1  1  0  2 -2 -1  2 -2 -1 -1  0  0  1    7   4   3   3   2   3   2   9   3   4  23   2   1  10   2   4   5   1   3   9  0.14 1.19
   55 N   -2  2  1 -1 -3 -1 -2  4  2 -4 -4 -1 -3 -2  3 -1 -1 -4 -1 -4    2  10   7   3   1   2   2  36   4   1   1   3   1   2  14   3   4   0   2   1  0.59 1.36
   56 V    4 -1 -1  1  1 -1 -1  2 -3 -2 -3 -2 -3 -4 -2  0  0 -5 -5  1   35   3   2   9   3   3   4  13   1   2   2   2   0   0   2   4   5   0   0  10  0.40 1.51
   57 K    2  1 -3 -2  4 -2 -1  2 -2 -4 -3  4 -3 -3 -3 -1 -2 -2 -4  0   18   7   1   2   9   1   3  15   1   0   2  24   1   1   1   4   2   1   0   7  0.45 1.44
   58 K   -2  2  0 -1 -3  3  2 -4  4 -4 -4  2 -2 -2 -1  0  1 -5 -1 -3    2  12   4   3   1  11  14   1  11   0   1  14   1   2   4   8   7   0   2   2  0.44 1.51
   59 A    0 -5 -5 -6  0 -5 -5 -3 -2  3  0 -5 -1 -3 -5 -3 -2 -5  0  6    8   0   0   0   2   0   0   2   1  16   5   0   1   0   0   1   1   0   3  58  1.03 1.53
   60 V   -3 -2 -4 -5 -2 -3 -2 -6 -1  4  0 -3  0  0 -5 -3  1  0  4  4    1   2   0   0   1   1   3   0   2  23   6   1   2   2   0   1  11   1  14  30  0.68 1.53
   61 G    3 -5 -2 -4 -4 -4 -3  6 -3 -4 -2 -4 -2 -4 -4 -1 -2 -5 -5 -2   25   0   2   0   0   0   1  56   1   1   4   0   1   1   0   2   3   0   0   3  1.10 1.52
   62 V   -1 -5 -5 -6  2 -5 -5 -4 -5  4  1 -5  1 -1 -5 -3  0 -5  1  5    5   0   0   0   5   0   0   1   0  23  11   0   3   2   0   1   6   0   4  37  0.78 1.52
   63 E   -4 -4  0  7 -6 -2  4 -4 -4 -6 -6 -3 -5 -6 -4 -3 -2 -6 -5 -6    0   0   3  66   0   0  28   0   0   0   0   0   0   0   0   0   3   0   0   0  1.72 1.52
   64 I   -2 -2  3 -3 -3 -3 -3  0 -3  5  1 -2  1  0 -5 -2 -1 -5 -3  0    4   2  14   1   1   1   1   7   1  32  15   2   3   4   0   3   4   0   1   5  0.47 1.52
   65 N   -2 -2  4  5 -2 -3 -2 -2 -2  0 -4 -3 -1 -5 -4  4 -1 -6 -4  0    2   1  17  29   1   0   1   2   1   5   0   0   2   0   0  30   2   0   0   6  0.78 1.54
   66 D    0 -2 -3  2 -3  1  4 -3 -2 -4 -4  0 -4 -5  5 -1 -2 -1 -3 -3    8   2   1  10   1   6  24   2   1   1   2   4   0   0  30   4   2   1   1   2  0.74 1.52
   67 E    2  0  2  0 -5  2  2 -2 -2 -1 -1 -1  0 -2  0  1 -1  2  0 -1   15   5   8   4   0   9  11   3   1   3   5   3   2   2   5  11   2   2   4   5  0.16 1.51
   68 R    4 -3 -5 -5 -1  1 -3 -3 -3 -2  1 -4  7 -2 -3 -1 -3 -5 -4 -3   40   1   0   0   1   6   1   1   1   1  11   0  29   2   1   4   1   0   0   0  0.92 1.54
   69 I    0 -4 -5 -6 -3 -3 -2 -5 -2  4  3 -5  0 -2 -5 -4 -1 -5 -3  4    8   0   0   0   0   1   2   1   1  21  24   0   1   1   0   0   3   0   1  36  0.80 1.52
   70 R    1  2  0  2 -4  1  4 -3 -2 -4 -2  1 -1 -4 -1  0 -1 -3 -5 -3   12  10   5   9   0   6  28   2   1   1   4   9   2   0   2   5   3   0   0   2  0.42 1.53
   71 E    1  3 -1  0 -5  0  0 -3 -2  1 -1  0  1  0 -5  0 -3 -2 -1  2   12  18   2   6   0   4   5   2   1   7   6   4   4   3   0   6   1   0   2  15  0.23 1.53
   72 A    5 -5 -4 -5  4 -4 -4  2 -5 -4 -2 -4 -4 -5 -4  1  1 -1 -5 -3   54   0   0   0   9   0   0  13   0   0   4   0   0   0   0  10   8   1   0   0  0.95 1.54
   73 L   -1  5  0 -3 -2  2  0 -3 -1 -2 -1  3 -1 -4 -3 -2 -2  0 -3 -2    5  35   4   0   1  11   5   1   2   2   5  18   2   1   1   2   2   1   0   2  0.65 1.50
   74 A    0  1  0  2 -5  2  4 -3  1 -2 -2  2 -2 -3 -4 -2 -3 -3 -2 -3    7   8   4  11   0   9  28   1   3   2   5  11   1   1   0   3   1   0   2   2  0.45 1.50
   75 N   -4  3  7 -2 -5 -2 -3 -4  3 -2 -3  1 -4 -4 -4 -2 -2  0  0 -4    1  14  54   0   0   1   1   0   8   2   2   8   0   0   0   1   2   1   4   1  1.16 1.50
   76 I    4 -3 -2 -5 -1 -4 -4 -3 -2  2  1 -4 -2 -1 -4 -1 -2 -3 -2  2   42   1   2   0   1   0   1   1   1  11  15   0   1   3   1   3   2   0   2  13  0.58 1.53
   77 E    0  2 -1  0 -5  3  3 -1 -1 -3 -2  3 -2 -5 -4  0 -1  0 -4 -3    9  12   2   4   0  12  19   4   1   1   4  17   1   0   0   6   3   1   0   1  0.41 1.53
   78 K    2  3 -1  0 -5  0  0 -2 -1 -1  2  2 -2 -3 -4 -2 -2 -2 -2 -2   17  17   2   5   0   5   6   2   2   3  20  11   0   1   0   3   2   1   1   1  0.31 1.55
   79 N    0 -1  6 -1 -5 -1 -1 -4  0 -3 -1  0 -1  1 -3 -1 -1 -5  2 -4    8   3  44   2   0   2   3   0   2   1   7   5   2   5   1   4   3   0   7   1  0.71 1.56
   80 G   -2  0  2  0 -4  1 -1  5  3 -5 -5  0 -3 -4  0 -2 -3 -5 -3 -4    3   5  10   5   0   6   3  43   6   1   1   5   1   1   5   2   1   0   1   1  0.69 1.55
   81 V   -1 -3 -4 -5  1 -3 -4 -2 -2  2  3 -3  0  0 -1 -1 -2  0  0  3    4   1   1   0   3   1   1   3   1  12  31   1   2   3   3   6   1   1   3  22  0.46 1.55
   82 T    1 -2 -1  4 -4  0  1 -1  2 -2 -3  0 -1 -3  0  1  1 -2 -1 -2   11   2   2  22   0   5   9   4   6   3   2   4   1   1   5   8  10   1   2   3  0.31 1.51
   83 G    1 -3  4  3 -1 -2  1  1  1 -2 -3 -1 -3 -2 -1  0  0 -3 -3 -3   10   1  19  18   1   1   9   9   3   2   2   3   0   2   3   7   5   0   1   2  0.38 1.53
   84 R   -2  3  3 -1 -1  2  0 -2  3 -2 -2  2 -3 -3  2 -1 -1 -1 -3 -2    3  18  14   3   1   8   5   2   6   2   4  11   0   1   9   4   4   1   0   3  0.35 1.40
   85 A    0 -4 -4 -5  2 -3 -4 -5 -5  4  1 -5  0  0 -4 -3  1 -1  0  4    8   0   1   0   5   1   1   1   0  23  13   0   1   4   1   1   7   1   3  31  0.66 1.58
   86 S   -1  1 -1  1 -3  2  4 -4  2 -3 -3  0 -3 -2 -2  0  1 -3 -3 -3    5   7   3   9   1  10  26   1   4   2   2   5   0   2   2   8  11   0   1   2  0.41 1.61
   87 I   -3 -5 -4 -5 -4 -5 -4 -5 -4  2  2 -5 -1  5 -4 -4 -3  3  2  3    2   0   1   1   0   0   1   1   0  13  19   0   1  27   1   1   1   4   6  23  0.83 1.63
   88 V   -1 -1 -3 -3 -2  0  0 -4 -2  3  1 -2  0  1 -1 -2 -2  1  2  3    6   4   1   1   1   4   6   1   1  15  11   2   2   6   3   2   2   2   8  23  0.31 1.63
   89 K    0  1 -2 -2  4  3  2 -3  3 -2  0  1 -2 -4 -3 -2 -1  0 -1  1    8   7   2   2   9  12  12   2   7   2  11   8   1   0   1   2   3   1   2   9  0.28 1.64
   90 G    2 -2  0  0 -2 -1 -1  5 -1 -4 -4 -2 -3 -5  0  0 -2 -5 -3 -3   20   2   3   4   1   3   3  42   2   1   1   2   0   0   4   7   2   0   1   1  0.68 1.63
   91 N   -4 -3  4  6 -6 -2  1 -3 -2 -5 -3  0 -5 -4 -3  0 -2 -2 -4 -5    1   1  19  49   0   1   7   2   1   0   3   5   0   1   1   7   2   1   1   1  1.07 1.64
   92 F    3 -3 -4 -2  1 -4 -3 -2 -4  2  2 -4  0  3 -1 -3 -3  0  0  0   25   2   1   3   3   0   2   3   0  11  20   1   2  12   4   1   1   2   2   7  0.39 1.65
   93 F   -1  1 -2 -2 -2  1  2 -4 -2 -2  3 -1  4  3 -3 -3 -1  0  0 -3    5   9   1   2   1   5  13   1   1   2  25   4   9  10   1   2   5   1   2   1  0.33 1.66
   94 E    0 -2  1  3 -4  2  3 -3  2 -5 -4  3 -3 -5  1  1 -2 -6 -4 -3    9   1   5  14   0   9  20   1   5   0   1  16   0   0   6   9   2   0   0   1  0.50 1.68
   95 V    0 -3 -3 -1 -2 -1 -1 -1 -2  1  3 -1  2  0 -2 -3  0 -3 -2  2    9   1   1   4   1   3   5   4   1   8  25   4   6   3   2   1   5   0   2  16  0.25 1.67
   96 D   -2 -3 -1  2 -3 -1  2 -3 -2  0 -2 -1 -3 -4  5  0 -1 -1 -5  0    3   1   3  14   0   3  14   2   1   5   4   3   0   1  29   7   3   1   0   7  0.57 1.70
   97 I   -1 -2 -3  0 -3 -1  1 -4  0  1  2 -1 -2  5 -2 -3 -2  3  0 -1    5   2   1   5   0   3   8   1   2   8  18   3   1  26   2   2   2   4   3   3  0.44 1.67
   98 S    0  1  0  2 -5  1  2  1 -1 -4 -4  1 -2 -3  3  0 -2 -3 -2 -3    8   6   4  10   0   5  14  12   1   1   2   8   1   1  15   7   2   0   1   1  0.34 1.68
   99 E   -1 -1  2  4 -3  2  2 -3 -1 -4 -4  2 -3 -2  3 -1 -2 -3 -1 -3    4   3   8  21   1   7  14   2   1   1   1  12   0   2  13   3   3   0   3   2  0.47 1.73
  100 A    3 -2  3  1  1 -1 -1 -1 -2 -2 -2 -3 -3  4 -4 -2 -3 -4  2 -1   24   2  15   8   3   2   4   4   1   2   3   1   0  17   1   2   0   0   8   5  0.44 1.75
  101 T   -1  0 -2  5 -4 -1 -1 -3  0 -1 -4 -2 -3 -2 -2  3  1 -2 -3 -2    5   5   1  36   0   2   3   2   2   5   1   2   0   1   2  20   8   1   1   3  0.61 1.75
  102 V    0 -5 -3 -3 -1 -4 -5 -2 -5  2  1 -3  2  5 -3 -4  0 -4 -2  4    7   0   1   1   1   1   0   3   0  10  10   2   5  24   2   0   5   0   1  27  0.64 1.75
  103 V   -2 -4 -1  4 -1 -4 -3 -5 -2  3  0 -4 -2 -1 -4 -3 -2 -6 -4  4    2   1   3  27   1   0   1   1   1  16   7   1   1   3   1   1   1   0   0  32  0.74 1.75
  104 T    0 -4 -3 -4 -2 -2 -4 -1 -4  3  0 -2 -2 -3 -5 -1  1 -5  0  5    9   1   1   1   1   2   1   5   0  13   6   3   1   1   0   4   7   0   3  42  0.61 1.72
  105 M    4 -3 -2 -3  2 -4 -4 -3 -3  1  0 -3  1 -4 -1  1 -2 -5 -3  2   42   1   2   1   3   0   0   1   1   7   8   1   3   0   4   9   2   0   1  13  0.57 1.72
  106 F   -4 -4  5 -3 -5 -4 -4 -3 -2  0 -1 -3 -3  5 -5 -3  0  4  2 -1    1   1  32   1   0   0   1   2   0   6   6   1   0  27   0   0   6   5   8   4  0.92 1.69
  107 L    0 -4 -2 -4 -1 -3 -5  1 -3  6  2 -5  0 -3 -4 -1 -2 -2 -4  0    6   1   2   1   1   1   1  11   1  45  18   0   1   0   1   4   1   1   0   4  0.77 1.73
  108 L   -1 -1  1 -3 -3 -3 -3 -5 -2  3  3 -5 -1  1  2 -3 -2 -2  0  1    4   3   7   2   0   1   1   0   1  15  32   0   1   6  10   1   2   0   3   9  0.46 1.74
  109 T    3  2 -3  1 -3 -1  2 -3 -1 -4 -3 -3 -4 -2  3  0 -2 -6 -2 -1   28  11   1   9   0   3  12   1   1   0   2   1   0   2  15   5   2   0   2   5  0.47 1.74
  110 N    0 -2  4  2 -5 -1  2  0  0 -4 -6 -2 -3 -5  3  0 -1 -6 -5 -4    9   2  19  12   0   3  12   8   2   1   0   2   0   0  17   8   4   0   0   1  0.52 1.74
  111 V   -1 -3 -4  1 -5  0 -3 -4 -3  1 -2 -1  1  1  5 -2  0 -2 -2  3    4   1   1   8   0   4   1   1   0   9   4   3   4   6  25   3   5   1   2  19  0.48 1.73
  112 N   -2  4  0  0  2 -3 -3 -4  1  2  3 -1  1 -2 -2 -3 -1 -2 -1 -2    3  20   4   6   4   0   1   1   4  11  27   4   3   2   2   1   4   0   2   2  0.39 1.74
  113 E   -1  1 -2  0 -4  1  2 -4  4  0 -1  2  0 -1  1 -2 -2 -6 -2  0    6   7   2   5   0   7  12   1  12   7   6  14   2   3   7   2   2   0   1   6  0.28 1.76
  114 M    2  0 -3 -1 -5  1  1  2 -1  1 -1 -1  2 -5 -3 -1 -1 -6 -3 -1   18   6   1   4   0   7   8  16   1   9   6   4   6   0   1   4   3   0   1   5  0.24 1.76
  115 L    0 -5 -3 -4 -2 -3 -4 -4 -5  1  5 -5  3  1 -4 -4 -2 -2 -3  1    7   0   1   1   1   1   1   1   0   5  56   0   6   5   1   1   2   1   1   9  0.83 1.75
  116 K    2 -1 -3 -3 -4 -1 -1 -2  0  2  2 -1 -1  1 -1 -1 -1 -4  2 -1   21   3   1   1   0   3   4   3   2  10  19   5   1   5   3   4   4   0   7   4  0.22 1.72
  117 P    0  0 -1  1 -3  0  3 -1 -3 -6 -5  1 -5 -4  5  1 -1 -6 -3 -5    8   5   2   8   1   3  21   5   0   0   1   8   0   1  24   9   3   0   1   0  0.62 1.73
  118 K    0  2 -1  2 -5  0  3 -4 -1 -3 -1  2  4 -5 -3 -1 -2 -3 -4  0    7   9   2  11   0   4  21   1   1   1   5  13  11   0   1   4   2   0   0   6  0.41 1.75
  119 L    0 -2 -5 -5  0 -4 -5 -4 -2  5  3 -4  1  2 -5 -3 -3 -4 -1  2    8   2   0   0   2   0   0   1   1  31  26   1   3   8   0   1   1   0   2  10  0.68 1.64
  120 E    1  1 -1  1  0  0 -1 -3  1 -1 -3  1 -1  0 -2  0 -1 -1  5 -1   13   9   2   7   2   4   3   1   3   4   2   7   1   3   2   7   3   1  20   4  0.29 1.68
  121 K    1  5  0  0 -5  2  0 -2  1 -5 -5  2 -4 -6 -3  0 -1 -6 -3 -4   10  33   3   4   0  10   6   2   3   0   1  14   0   0   1   6   4   0   1   1  0.67 1.74
  122 E    0  0 -1 -4 -2  0 -2  0  2  0  2 -1 -2 -1 -5 -3 -3  2 -1  4    8   5   3   1   1   5   2   7   5   5  17   4   0   3   0   2   1   3   2  26  0.30 1.74
  123 L   -2 -4 -6 -6  0 -5 -6 -5 -6  0  5 -5  1 -2 -4 -4 -1 -5 -4  2    3   1   0   0   2   0   0   1   0   2  68   0   2   1   1   1   4   0   0  15  1.15 1.73
  124 K    0  3  1 -4 -6  0 -1 -4 -2 -4 -2  6 -4 -6 -2 -2 -2 -6 -4 -1    7  12   7   0   0   3   2   1   1   0   3  54   0   0   2   2   1   0   0   4  0.98 1.73
  125 P   -2 -2 -2  0 -6 -2  0 -5 -3 -4 -3 -2 -5 -6  7 -2 -1 -6 -6 -3    2   2   2   6   0   1   7   0   1   1   2   2   0   0  66   3   3   0   0   2  1.67 1.73
  126 G   -2 -5  0 -1 -5 -2 -2  7 -2 -6 -6 -2 -3 -4 -3 -3 -4 -5 -4 -6    3   0   5   4   0   1   3  77   1   0   0   2   1   1   1   1   0   0   0   0  1.57 1.70
  127 T    1 -5 -3 -4 -2 -3 -2  7 -3 -6 -5 -4 -5 -4 -4 -1 -3 -5 -5 -4    9   0   0   0   1   1   2  78   1   0   1   1   0   1   1   3   1   0   0   1  1.62 1.69
  128 R   -2  5 -4 -4 -3 -1 -3 -5  1  1  0  2  0 -2 -3 -3 -1 -3  1  1    3  32   0   1   1   2   1   0   4  10  10  11   2   1   1   1   4   0   5  10  0.53 1.69
  129 V   -2 -3 -6 -6 -4 -5 -5 -6 -5  3  4 -3  2  4 -6 -5 -3 -4  0  2    3   2   0   0   0   0   0   0   0  18  39   2   4  15   0   0   1   0   3  11  0.85 1.68
  130 V    1 -5 -6 -6 -4 -5 -5 -3 -6  4  3 -5  1 -3 -5 -4 -3 -5 -3  4   12   0   0   0   0   0   0   2   0  27  23   0   3   0   0   1   0   0   1  30  0.90 1.67
  131 S    0 -5 -3 -5  1 -2 -5 -4 -5  1  3 -4  1 -3 -5  3  1 -5 -4  3    7   0   1   0   3   1   0   1   0   8  25   0   3   1   0  22   8   0   0  19  0.54 1.64
  132 H   -2 -4 -3 -2  1 -4 -2  2  0 -3  1 -4 -3 -3 -2  4 -2 -4  3 -2    1   0   0   2   3   0   2  18   2   1  17   0   0   0   2  35   2   0  12   2  0.60 1.58
  133 E   -1 -2 -1  1 -5 -1  5 -3 -4  2 -2 -2 -3 -5 -4 -2 -2 -5 -4  2    5   2   2   7   0   2  47   2   0  13   2   1   0   0   0   2   2   0   0  13  0.75 1.47
  134 F   -4 -4 -5 -5 -4 -4 -3 -2 -4 -1  3 -4 -2  6 -2 -4 -2  6  1 -2    1   0   0   0   0   0   2   3   0   3  33   0   0  35   2   1   2  10   3   2  1.00 1.32
  135 E    0 -1  0  0  2 -1  3 -4  1 -1 -3 -1 -1 -3  1  3 -1  0 -4 -2    9   2   5   5   4   1  24   1   3   4   2   2   2   1   6  23   3   1   0   3  0.37 1.31
  136 I   -2  3 -3 -2 -4  1  1 -4  2  0 -3  2 -3  2 -2  0  2 -4  1 -1    2  15   0   2   0   7   8   1   5   7   2  12   0   8   2   8  12   0   4   5  0.28 1.26
  137 R   -2  0 -1  0 -5  5  0 -2  1 -3 -2  0 -1 -5  5 -1 -3 -5 -2 -3    3   5   3   4   0  27   4   3   3   2   4   5   2   0  29   4   0   0   1   1  0.74 1.30
  138 G    3  0  2  0  1  1 -1  2 -3 -2 -2  0  1 -4 -1 -1 -1 -4 -4 -1   24   4   9   5   3   6   3  16   0   2   4   5   4   0   3   4   3   0   0   5  0.25 1.22
  139 W   -3  0 -4 -2 -4  0 -1 -3 -3 -2 -1 -2  0 -1 -2 -1 -1 10  2 -2    2   5   0   2   0   5   4   2   0   2   5   3   2   2   3   4   3  48   5   3  1.48 1.13
  140 N    0 -3  2  0 -3  0  0 -3  0  1  0  0 -2  0 -2  0  0 -4 -3  3    8   1  10   5   0   4   6   1   2   8  11   5   0   5   2   6   5   0   0  21  0.18 1.09
  141 P   -1 -3 -1 -1 -4 -2 -1 -4 -4 -2 -1 -2  2 -4  6 -3  1 -4 -4  2    6   0   2   4   0   2   4   1   0   0   6   2   6   0  41   1   9   0   0  16  0.82 1.12
  142 K    0 -3 -2  1 -4 -1  1 -3 -3  0  2  2  3 -3 -4 -1  1  1 -1  0    6   0   2   9   0   2   8   2   0   4  22  13  10   0   0   4   8   2   2   6  0.23 1.12
  143 E    1 -1 -1  0 -4  1  2 -2  3 -4 -2  0 -1 -4  0  2  1 -4  1 -3   12   2   3   4   0   6  15   2   7   0   4   5   1   0   5  19   8   0   5   0  0.29 1.08
  144 V    0  0 -4 -4 -4  0  0 -5 -4  3 -1  3  0 -4 -4 -3 -3 -5 -1  4    9   4   0   0   0   5   6   0   0  16   4  21   2   0   0   0   0   0   3  31  0.52 1.15
  145 I   -2 -5 -5 -5 -4 -4 -2 -5 -3  1 -1 -5 -3  6 -5 -1 -2  8  4  0    3   0   0   0   0   0   2   0   0   8   3   0   0  33   0   5   2  20  16   8  1.13 1.12
  146 K    1  3  2  0 -4  0 -1 -2  0 -4 -3  5 -3 -5 -3 -1 -1 -5 -4 -4   13  19  12   4   0   3   2   2   2   0   3  35   0   0   0   2   2   0   0   0  0.63 1.02
  147 V    2  3 -3 -1 -4 -2  1  0 -3  2 -3  0 -3  2 -1  0 -1 -4 -3 -1   17  16   0   3   0   0   9   8   0  15   1   4   0   9   2   5   3   0   0   4  0.24 0.95
  148 E   -1  0  0  0 -4  2  5 -1  1 -4 -4  2  0 -4 -3 -2 -3 -4  0 -4    4   5   4   4   0   8  47   4   4   0   1  10   3   0   0   1   1   0   4   1  0.69 0.92
  149 D   -1  1  2  5 -5  1  3 -2 -2 -4 -3  0 -4 -5 -3 -2 -3 -5 -4 -2    4   6   8  40   0   6  21   3   0   0   2   4   0   0   0   0   0   0   0   3  0.75 0.90
  150 G    0 -4 -3 -1 -4 -1  0  5 -4 -4 -1 -1 -3 -1  0 -2 -1 -4 -4 -4    8   0   0   2   0   3   8  58   0   0   8   3   0   3   4   0   3   0   0   0  0.82 0.85
  151 N   -3  0  1  1 -5 -1  4 -4 -2 -4 -4  0 -3  1 -4  0 -1  3  4 -4    0   4   7   8   0   0  36   0   0   0   0   7   0   5   0   8   3   5  19   0  0.63 0.80
  152 M   -2 -3  0  0 -4 -2 -3  2  6  2 -1 -3  5 -3 -4  1 -3 -4 -2 -1    0   0   5   5   0   0   0  18  24  12   5   0  17   0   0  10   0   0   0   4  0.55 0.78
  153 N   -1 -1  3 -3 -4  1  0 -4 -3  3  2 -1 -1  1 -4 -3 -2 -4 -3  2    4   3  19   0   0   7   5   0   0  21  19   3   0   5   0   0   0   0   0  14  0.37 0.78
  154 H   -3  2  1  4 -5  0  2 -4  6 -5 -5 -1 -4 -4  2 -2 -3 -4  0 -5    0  11   4  26   0   3  15   0  24   0   0   3   0   0  11   0   0   0   4   0  0.79 0.77
  155 T    2  0  1  0 -3 -2 -3 -3 -3  2 -2  0 -2 -4 -3  0  4 -5 -3  2   16   5   6   6   0   0   0   0   0  11   0   6   0   0   0   5  27   0   0  17  0.36 0.73
  156 V    0 -4 -5 -5 -3 -4 -4 -4 -5  3  0 -4  2 -2 -4 -3 -2 -4 -3  5    9   0   0   0   0   0   0   0   0  17   4   0   7   0   0   0   0   0   0  63  0.88 0.70
  157 Y   -2 -3 -4 -5 -4 -3 -4 -4  2 -3 -2  0 -2  4 -5 -3 -3  9  5  0    4   0   0   0   0   0   0   0   5   0   0   7   0  20   0   0   0  32  27   7  1.31 0.66
  158 L    1  1 -3 -4 -3 -2 -3  1 -3  1  1  0 -1 -3 -3  0  1 -4 -3  3   16  10   0   0   0   0   0  11   0   5  16   5   0   0   0   5   8   0   0  25  0.24 0.56
  159 Y   -3  0  1  1 -4  1 -2 -4 -1  1 -3  0 -2 -1  3 -2 -2 -2  5  0    0   5  10   8   0   8   0   0   0  11   0   5   0   0  17   0   0   0  31   5  0.52 0.56
  160 V   -2 -2 -1  5 -4 -1  2 -3 -3 -1  0  0 -2 -3 -3 -2 -2 -5 -3  2    0   0   0  42   0   0  17   0   0   0   9   6   0   0   0   0   0   0   0  26  0.61 0.52
  161 I    2 -4 -4 -4 -2 -3 -4 -4 -4  4  2 -3  0 -2 -3 -2 -2 -4 -3  4   21   0   0   0   0   0   0   0   0  26  20   0   0   0   0   0   0   0   0  33  0.55 0.48
  162 G    0 -3 -2 -3 -3 -3 -3  6 -3 -4 -4 -3 -4 -4  2 -1  1 -4 -4 -4    6   0   0   0   0   0   0  75   0   0   0   0   0   0   9   0  10   0   0   0  1.14 0.48
  163 E    1 -2 -2  2 -3 -1  3 -2 -2 -2 -2 -1 -2  2 -2  1 -1 -3 -2  1   11   1   0  13   0   0  29   1   0   1   1   1   0  13   1  11   1   0   0  17  0.31 0.43
  164 H   -2 -1  1 -2 -3 -1  1 -3  6 -3 -2  1 -2  3 -3 -2 -2 -1  5 -3    1   1   9   1   0   1  10   1  24   1   1   9   0  14   1   1   1   0  24   1  0.56 0.37
  165 K    0  4 -1  2 -3 -1 -1  1 -2  0  0  2 -2 -3 -2 -1 -2 -3 -3 -2   10  27   1  13   0   1   1  14   0  10  10  11   0   1   1   1   1   0   0   1  0.25 0.37
  166 L   -2 -3 -4 -5  5 -3 -4 -4 -3  0  4 -4  0  0 -4 -3 -2  6  3 -1    0   0   0   0  16   0   0   0   0   0  55   0   0   0   0   0   0  15  14   0  0.80 0.37
  167 E    1  2 -2  0 -4  0  5 -3 -2 -3  0  0 -2 -3 -2 -1 -2 -4 -3 -2   13  15   0   0   0   0  58   0   0   0  14   0   0   0   0   0   0   0   0   0  0.59 0.37
  168 E    1 -1 -1  0 -4  1  5 -3 -1 -4 -4  2 -3 -4 -2 -1 -2 -4 -3 -3   15   0   0   0   0   0  70   0   0   0   0  15   0   0   0   0   0   0   0   0  0.82 0.35
  169 E   -2 -1  2  3 -4  1  5 -3 -1 -4 -4  0 -3 -4 -2 -1 -2 -4 -3 -4    0   0  14  14   0   0  72   0   0   0   0   0   0   0   0   0   0   0   0   0  0.91 0.30
  170 D   -2 -2  1  6 -4 -1  1 -2 -2 -4 -4 -1 -3 -4 -2  2 -1 -5 -4 -4    0   0   0  77   0   0   0   0   0   0   0   0   0   0   0  23   0   0   0   0  1.00 0.25
  171 L   -2 -3 -4 -4 -2 -3 -4 -4 -4  3  4 -3  1  0 -4 -3 -2 -3 -2  1    0   0   0   0   0   0   0   0   0  30  70   0   0   0   0   0   0   0   0   0  0.61 0.19

                      K         Lambda
Standard Ungapped    0.1367     0.3160
Standard Gapped      0.0410     0.2670
PSI Ungapped         0.1731     0.3174
PSI Gapped           0.0530     0.2670
