
ASS HN N RDC


X1N-H    128.662      8.339 2.027
X2N-H    123.751      8.454 3.615
X3N-H    121.627      8.558 12.222
X4N-H    121.328      9.032 13.655
X5N-H    120.751      8.666 13.027
X6N-H    120.707      9.139 -2.162
X7N-H    120.157      8.377 12.035
X8N-H    120.004      8.896 0.368
X9N-H    119.507      8.455 6.921
X10N-H    119.205      8.334 -0.455
X11N-H    119.093      8.384 7.371
X12N-H    118.011      8.732 13.442
X13N-H    117.043      8.395 7.975
X14N-H    116.796      9.040 -0.263
X15N-H    120.028      7.947 9.417
X16N-H    118.951      7.945 9.811
X17N-H    118.996      8.189 12.839
X18N-H    118.816      8.087   9.0
X19N-H    118.782      8.151 1.966
X20N-H    120.454      8.020 5.496
X21N-H    119.765      8.046 4.287
X22N-H    121.235      7.761 9.036
X23N-H    120.882      7.833 5.746
X24N-H    120.435      7.869 -2.102
X25N-H    123.452      7.874 10.357
X26N-H    123.325      7.644 5.289
X27N-H    122.201      7.693 0.824
X28N-H    122.069      8.000 1.591
X29N-H    122.032      7.919 8.502
X30N-H    122.961      8.172 12.586
X31N-H    122.969      8.132 0.237
X32N-H    121.130      8.114 -3.557
X33N-H    121.010      8.258 8.087
X34N-H    112.526      8.135 -4.002
X35N-H    108.570      8.208 13.537
X36N-H    111.715      7.436 NO_RDC
X37N-H    114.204      7.748 5.203
X38N-H    113.347      7.703 NO_RDC
X39N-H    114.033      7.556 2.592
X40N-H    113.748      7.510 NO_RDC
X41N-H    113.686      6.988 NO_RDC
X42N-H    118.432      7.388 -7.077
X43N-H    118.246      7.447 4.954
X44N-H    117.706      7.649 -6.526
X45N-H    117.451      7.389 8.447
X46N-H    116.679      7.735 11.57
X47N-H    116.317      7.021 4.527
X48N-H    116.126      7.651 -1.053
X49N-H    115.603      7.558 5.374
X50N-H    115.448      7.432 2.948
X51N-H    115.386      7.349 3.888
X52N-H    119.907      7.392 5.424
X53N-H    119.058      7.479 8.875
X54N-H    124.075      7.288 -2.182
X55N-H    116.799      8.191 7.109
X56N-H    116.400      8.238 8.709
X57N-H    116.369      7.858 12.064
X58N-H    116.235      8.073 NO_RDC
X59N-H    116.230      8.016 -1.551
X60N-H    116.183      8.115 5.766
X61N-H    116.023      7.926 0.606
X62N-H    115.782      8.320 -2.236
X63N-H    114.497      8.432  1.33
X64N-H    125.988      7.807 1.747
X65N-H    126.482      7.932 1.736
X66N-H    124.918      7.965 1.098
X67N-H    125.793      9.064 11.929
X68N-H    129.702     10.108 NO_RDC
X69N-H    124.531      8.662 -5.733

