1   0.000
2   -0.114
3   -0.072
4   -0.262
5   -0.483
6   -0.687
7   -0.865
8   -1.067
9   -1.085
10  -0.865
11  -0.648
12  -0.498
13  -0.332
14  0.123
15  0.349
16  0.368
17  0.534
18  0.862
19  0.867
20  0.865
21  0.885
22  0.903
23  0.897
24  0.852
25  0.891
26  0.885
27  0.875
28  0.849
29  0.662
30  0.478
31  0.319
32  0.184
33  -0.105
34  -0.198
35  -0.247
36  -0.508
37  -0.787
38  -0.608
39  -0.383
40  -0.252
41  0.366
42  0.566
43  0.469
44  0.499
45  0.625
46  0.586
47  0.659
48  0.594
49  0.759
50  0.677
51  0.456
52  0.298
53  0.224
54  -0.014
55  -0.233
56  -0.004
57  -0.260
58  -0.317
59  -0.670
60  -0.700
61  -0.582
62  -0.197
63  0.157
64  0.414
65  0.586
66  0.641
67  0.634
68  0.405
69  0.568
70  0.621
71  0.468
72  0.415
73  0.417
74  0.092
75  -0.247
76  -0.254
77  -0.470
78  -0.616
79  -0.284
80  -0.264
81  0.084
82  0.502
83  0.737
84  0.797
85  0.840
86  0.746
87  0.456
88  0.420
89  0.396
90  0.393
91  0.446
92  0.559
93  0.548
94  0.563
95  0.485
96  0.154
97  0.016
98  -0.012
99  -0.240
100 -0.470
101 -0.415
102 -0.506
103 -0.764
104 -0.698
105 -0.550
106 -0.455
107 -0.491
108 -0.544
109 -0.722
110 -0.865
111 -0.832
112 -0.827
113 -0.793
114 -0.692
115 -0.712
116 -0.872
117 -0.384
118 -0.077
119 -0.161
120 -0.070
121 -0.121
122 -0.071
123 -0.231
124 -0.132
125 0.000
126 0.058
127 0.041
128 0.266
129 0.207
130 0.499
131 0.778
132 0.787
133 0.713
134 0.857
135 0.796
136 0.721
137 0.685
138 0.699
139 0.731
140 0.501
141 0.398
142 -0.034
143 -0.341
144 -0.290
145 -0.391
146 -0.504
147 -0.475
148 -0.221
149 -0.515
150 -0.225
151 -0.312
152 -0.124
153 -0.133
154 -0.042
155 -0.086
156 0.249
157 0.487
158 0.542
159 0.759
160 0.901
161 0.818
162 0.526
163 0.452
164 0.200
165 -0.068
166 -0.111
167 -0.227
168 -0.099
169 -0.272
170 -0.229
171 -0.294
172 0.067
173 -0.367
174 -0.253
175 -0.315
176 -0.243
177 -0.327
178 -0.224
179 -0.383
180 -0.153
181 -0.238
182 -0.221
183 -0.162
184 0.369
185 0.401
186 0.514
187 0.776
188 0.883
189 0.869
190 0.784
191 0.904
192 0.855
193 0.940
194 0.945
195 0.980
196 0.936
197 0.791
198 0.724
199 0.499
200 0.500
201 0.378
202 0.207
203 0.023
204 0.292
205 0.179
206 0.473
207 0.536
208 0.617
209 0.569
210 0.595
211 0.619
212 0.837
213 0.835
214 0.779
215 0.906
216 0.841
217 0.631
218 0.553
219 0.450
220 0.078
221 -0.032
222 -0.139
223 -0.322
224 -0.669
225 -0.638
226 -0.977
227 -0.610
228 -0.207
229 0.189
230 0.546
231 0.593
232 0.000
233 0.000
234 0.000
235 -0.106
236 0.091
237 0.000
238 0.103
239 0.000
240 -1.116
241 0.000
242 -0.887
243 -0.963
244 -0.558
245 -0.388
246 -0.393
247 -0.389
248 -0.440
249 -0.436
250 -0.465
251 -0.559
252 -0.302
253 0.031
254 -0.258
255 -0.240
256 -0.186
257 -0.384
258 -0.605
259 -0.578
260 -0.310
261 -0.356
262 -0.395
263 -0.333
264 -0.286
265 -0.482
266 0.080
267 0.336
268 0.247
269 0.285
270 0.168
271 0.159
272 0.406
273 0.490
274 0.704
275 0.900
276 0.854
277 0.913
278 1.076
279 1.084
280 0.960
281 0.879
282 0.832
283 0.630
284 0.237
285 0.478
286 0.605
287 0.498
288 0.622
289 0.839
290 0.852
291 0.820
292 0.825
293 0.862
294 0.734
295 0.377
296 0.124
297 -0.022
298 -0.276
299 -0.454
300 -0.480
301 -0.345
302 -0.491
303 -0.128
304 0.205
305 0.387
306 0.475
307 0.747
308 0.624
309 0.547
310 0.689
311 0.741
312 0.510
313 0.478
314 0.574
315 0.598
316 0.641
317 0.878
318 1.007
319 0.948
320 0.995
321 0.979
322 0.967
323 0.981
324 0.858
325 0.744
326 0.279
327 -0.024
328 -0.221
329 -0.119
330 -0.188
331 0.114
332 0.335
333 0.407
334 0.413
335 0.614
336 0.718
337 0.752
338 0.618
339 0.695
340 0.649
341 0.783
342 0.784
343 0.914
344 0.941
345 0.997
346 0.942
347 0.925
348 0.812
349 0.849
350 0.609
351 0.492
352 0.400
353 0.134
354 -0.224
355 0.231
356 0.390
357 0.447
358 0.781
359 0.911
360 0.857
361 0.826
362 0.887
363 0.960
364 0.970
365 0.976
366 0.937
367 0.730
368 0.609
369 0.518
370 0.000
