101 102 1.2
101 99 5.2
165 164 1.2
165 163 5.2
165 166 3.2
165 162 5.2
174 172 3.2
174 176 5.2
174 175 1.2
252 250 1.2
252 253 1.2
252 251 1.2
252 249 5.2
262 108 1.2
262 109 1.2
262 111 3.2
262 263 5.2
262 261 5.2
300 299 1.2
262 261 7.2
262 261 7.2
262 110 7.2
262 262 7.2
300 317 7.2
300 302 7.2
4 5 3.2
4 6 5.2
5 6 1.7
6 7 3.2
7 8 3.2
8 9 3.2
9 10 5.2
10 11 5.2
12 13 5.2
13 14 1.7
12 15 5.2
13 15 3.2
14 15 1.7
14 16 5.2
15 16 3.2
15 17 5.2
16 17 1.7
16 18 5.2
17 18 1.7
17 19 3.2
18 19 1.7
19 20 1.7
18 21 5.2
19 21 3.2
20 21 1.7
18 22 5.2
19 22 5.2
20 22 3.2
21 22 1.7
20 23 5.2
21 23 3.2
22 23 1.7
21 24 5.2
22 24 3.2
23 24 1.7
22 25 5.2
23 25 3.2
24 25 1.7
22 26 5.2
24 26 3.2
25 26 1.7
24 27 5.2
25 27 3.2
26 27 1.7
25 28 5.2
26 28 3.2
27 28 1.7
25 29 5.2
26 29 5.2
27 29 3.2
28 29 1.7
26 30 5.2
27 30 5.2
28 30 3.2
29 30 1.7
28 31 5.2
29 31 5.2
30 31 3.2
28 32 5.2
29 32 3.2
30 32 3.2
31 32 1.7
28 33 5.2
29 33 5.2
30 33 3.2
31 33 3.2
32 33 1.7
5 34 5.2
6 34 5.2
7 34 3.2
7 35 5.2
28 35 5.2
34 35 3.2
7 36 1.7
8 36 5.2
9 36 1.7
35 36 3.2
9 37 5.2
36 37 3.2
9 38 3.2
10 38 5.2
11 38 3.2
37 38 3.2
11 39 5.2
38 39 3.2
41 42 5.2
42 43 1.7
42 44 5.2
43 44 1.7
42 45 5.2
44 45 3.2
44 46 3.2
45 46 1.7
44 47 5.2
45 47 3.2
46 47 1.7
47 49 5.2
49 50 1.7
47 51 5.2
49 51 1.7
50 51 1.7
49 52 5.2
50 52 3.2
51 52 1.7
49 53 5.2
51 53 5.2
52 53 1.7
53 54 5.2
51 55 5.2
52 55 5.2
53 55 3.2
54 55 3.2
53 56 5.2
54 56 5.2
55 56 1.7
8 58 1.7
9 58 5.2
10 58 5.2
8 59 3.2
9 59 5.2
10 59 3.2
58 59 1.7
10 60 5.2
59 60 5.2
10 61 3.2
11 61 5.2
12 61 5.2
60 61 5.2
61 62 5.2
62 63 5.2
62 64 5.2
63 64 5.2
63 65 5.2
64 65 3.2
63 66 5.2
65 66 1.7
63 67 5.2
65 67 3.2
66 67 1.7
65 68 5.2
66 68 3.2
67 68 1.7
66 69 5.2
67 69 5.2
68 69 1.7
67 70 5.2
68 70 3.2
69 70 1.7
66 71 5.2
68 71 5.2
69 71 3.2
70 71 1.7
69 73 5.2
70 73 5.2
72 73 1.7
72 74 3.2
73 74 1.7
71 75 5.2
72 75 5.2
73 75 3.2
74 75 1.7
71 76 5.2
73 76 5.2
74 76 3.2
75 76 1.7
76 77 5.2
76 78 5.2
77 78 3.2
79 80 5.2
84 85 1.7
84 86 3.2
85 86 1.7
84 87 3.2
85 87 1.7
86 87 1.7
84 88 5.2
86 88 3.2
87 88 1.7
85 89 5.2
86 89 5.2
87 89 3.2
88 89 1.7
90 93 3.2
92 93 5.2
90 94 5.2
92 94 5.2
93 94 1.7
93 95 3.2
94 95 1.7
93 96 5.2
94 96 3.2
95 96 1.7
94 97 5.2
95 97 3.2
96 97 1.7
95 98 5.2
96 98 3.2
97 98 1.7
98 99 5.2
99 102 1.7
79 103 3.2
99 103 5.2
102 103 3.2
78 104 5.2
79 104 5.2
99 104 5.2
103 104 5.2
79 105 5.2
99 105 5.2
103 105 5.2
104 105 1.7
104 106 5.2
105 106 5.2
108 109 1.7
109 110 5.2
110 111 5.2
111 112 5.2
112 113 5.2
112 114 5.2
113 114 5.2
114 115 5.2
114 116 5.2
115 116 5.2
116 117 5.2
117 118 5.2
118 119 5.2
119 120 1.7
119 121 3.2
120 121 1.7
118 122 5.2
119 122 5.2
120 122 3.2
121 122 1.7
127 128 1.7
127 129 5.2
128 129 5.2
128 130 5.2
129 130 1.7
127 131 5.2
128 131 5.2
129 131 3.2
130 131 1.7
129 132 5.2
130 132 3.2
131 132 1.7
132 134 5.2
131 135 5.2
132 135 5.2
134 135 1.7
134 136 3.2
135 136 1.7
135 137 3.2
136 137 1.7
135 138 5.2
136 138 3.2
137 138 1.7
135 139 5.2
136 139 5.2
137 139 3.2
138 139 1.7
137 140 5.2
138 140 3.2
139 140 1.7
137 141 5.2
138 141 5.2
139 141 3.2
140 141 1.7
138 142 5.2
139 142 5.2
140 142 3.2
141 142 1.7
140 143 5.2
141 143 3.2
142 143 1.7
140 144 5.2
141 144 3.2
142 144 1.7
143 144 1.7
144 145 5.2
135 146 5.2
136 146 5.2
138 146 5.2
139 146 5.2
145 146 5.2
145 147 5.2
146 147 1.7
146 148 5.2
147 148 3.2
148 149 3.2
149 150 5.2
149 151 5.2
150 151 5.2
150 152 5.2
151 152 1.7
151 153 1.7
152 153 1.7
153 156 5.2
155 156 3.2
155 157 5.2
156 157 1.7
155 158 5.2
156 158 1.7
157 158 1.7
157 160 5.2
158 160 5.2
158 161 5.2
160 161 1.7
160 162 1.7
161 162 1.7
160 163 3.2
161 163 3.2
162 163 1.7
162 164 5.2
163 164 3.2
162 166 5.2
163 166 5.2
164 166 3.2
166 167 5.2
167 168 5.2
167 169 5.2
168 169 1.7
169 170 3.2
170 171 5.2
171 172 3.2
171 175 5.2
172 175 1.7
172 176 5.2
175 176 3.2
170 177 3.2
171 177 5.2
172 177 5.2
175 177 5.2
176 177 3.2
177 178 3.2
177 179 5.2
178 179 1.7
170 180 5.2
177 180 5.2
178 180 1.7
179 180 1.7
170 181 5.2
178 181 5.2
179 181 5.2
180 181 3.2
167 182 3.2
169 182 5.2
170 182 5.2
181 182 5.2
167 183 5.2
181 183 5.2
182 183 1.7
181 184 5.2
182 184 3.2
183 184 1.7
167 185 5.2
183 185 3.2
184 185 1.7
166 187 5.2
185 187 3.2
166 188 5.2
185 188 3.2
187 188 1.7
185 189 3.2
187 189 3.2
188 189 1.7
185 190 5.2
187 190 5.2
188 190 3.2
189 190 1.7
188 191 5.2
189 191 3.2
190 191 3.2
189 192 5.2
190 192 3.2
191 192 1.7
190 193 5.2
191 193 5.2
192 193 1.7
191 194 5.2
192 194 3.2
193 194 1.7
161 195 5.2
192 195 5.2
193 195 3.2
194 195 1.7
194 196 3.2
195 196 1.7
194 197 5.2
195 197 3.2
196 197 1.7
194 198 5.2
195 198 5.2
196 198 3.2
197 198 1.7
196 199 5.2
197 199 3.2
198 199 1.7
197 200 5.2
198 200 3.2
199 200 1.7
199 201 3.2
200 201 1.7
198 202 5.2
199 202 5.2
200 202 3.2
201 202 1.7
199 203 5.2
200 203 5.2
201 203 3.2
202 203 1.7
199 204 5.2
200 204 5.2
201 204 3.2
202 204 1.7
203 204 1.7
206 207 5.2
151 208 5.2
205 208 5.2
206 208 5.2
207 208 1.7
207 209 5.2
208 209 5.2
209 210 3.2
209 211 3.2
210 211 1.7
209 212 1.7
210 212 1.7
211 212 1.7
209 213 3.2
211 213 3.2
212 213 1.7
212 214 1.7
213 214 1.7
212 215 5.2
213 215 3.2
214 215 1.7
215 216 1.7
148 217 5.2
215 217 3.2
216 217 1.7
217 219 3.2
219 220 1.7
217 221 5.2
220 221 1.7
145 222 5.2
217 222 5.2
219 222 5.2
220 222 3.2
221 222 1.7
145 223 5.2
146 223 5.2
147 223 5.2
148 223 5.2
222 223 5.2
146 224 5.2
147 224 3.2
148 224 3.2
222 224 1.7
223 224 1.7
116 225 1.7
148 225 5.2
224 225 5.2
116 226 5.2
148 226 5.2
150 226 5.2
225 226 5.2
114 227 1.7
116 227 3.2
225 227 5.2
226 227 5.2
114 228 5.2
227 228 5.2
228 230 5.2
228 231 5.2
230 231 1.7
228 232 5.2
230 232 3.2
231 232 3.2
119 242 5.2
117 243 1.7
118 243 5.2
119 243 5.2
242 243 5.2
117 244 5.2
243 244 5.2
115 245 1.7
117 245 5.2
244 245 5.2
115 246 5.2
245 246 5.2
115 247 3.2
245 247 5.2
246 247 5.2
128 249 5.2
129 249 3.2
130 249 5.2
129 250 5.2
249 250 5.2
129 251 5.2
130 251 5.2
249 251 5.2
250 251 3.2
250 252 5.2
164 253 5.2
249 253 5.2
250 253 1.7
251 253 3.2
162 255 5.2
247 255 5.2
249 255 5.2
250 255 5.2
161 256 5.2
162 256 5.2
163 256 3.2
255 256 5.2
111 260 1.7
259 260 5.2
64 261 3.2
65 261 5.2
111 261 5.2
260 261 5.2
62 263 1.7
63 263 5.2
64 263 3.2
108 263 5.2
109 263 5.2
106 264 1.7
108 264 5.2
109 264 5.2
263 264 5.2
60 265 1.7
61 265 5.2
62 265 5.2
106 265 5.2
264 265 5.2
77 266 3.2
265 266 5.2
58 267 5.2
59 267 5.2
60 267 5.2
77 267 3.2
265 267 5.2
266 267 5.2
76 268 5.2
77 268 1.7
267 268 3.2
77 269 5.2
267 269 5.2
268 269 1.7
77 270 5.2
267 270 5.2
268 270 3.2
269 270 1.7
270 272 5.2
272 273 1.7
272 274 5.2
273 274 3.2
273 275 3.2
274 275 1.7
272 276 5.2
273 276 5.2
274 276 3.2
275 276 1.7
275 277 3.2
276 277 1.7
275 278 5.2
276 278 3.2
277 278 1.7
275 279 5.2
277 279 3.2
278 279 1.7
278 280 3.2
279 280 1.7
278 281 5.2
279 281 3.2
280 281 1.7
279 282 5.2
280 282 3.2
281 282 1.7
280 283 5.2
281 283 3.2
282 283 1.7
281 284 5.2
282 284 3.2
283 284 1.7
281 285 5.2
282 285 5.2
283 285 3.2
284 285 1.7
284 286 5.2
285 286 3.2
286 287 3.2
286 288 3.2
287 288 1.7
286 289 3.2
287 289 3.2
288 289 1.7
283 290 5.2
285 290 5.2
286 290 1.7
287 290 5.2
288 290 3.2
289 290 1.7
286 291 3.2
287 291 5.2
288 291 5.2
289 291 3.2
290 291 1.7
286 292 5.2
288 292 5.2
289 292 5.2
290 292 3.2
291 292 1.7
290 293 5.2
291 293 3.2
292 293 1.7
291 294 5.2
292 294 3.2
293 294 1.7
292 295 5.2
293 295 3.2
294 295 1.7
19 296 5.2
293 296 5.2
294 296 5.2
295 296 1.7
16 297 5.2
292 297 5.2
293 297 5.2
295 297 3.2
296 297 1.7
110 301 1.7
110 302 5.2
301 302 5.2
109 303 5.2
110 303 5.2
302 304 5.2
303 304 1.7
89 305 5.2
90 305 3.2
304 305 5.2
305 306 1.7
304 307 5.2
305 307 5.2
306 307 1.7
304 308 5.2
305 308 5.2
306 308 3.2
307 308 1.7
305 309 5.2
306 309 5.2
307 309 3.2
308 309 1.7
307 310 5.2
308 310 5.2
309 310 1.7
308 311 5.2
309 311 3.2
310 311 1.7
309 312 5.2
310 312 3.2
311 312 1.7
312 313 3.2
312 314 3.2
313 314 1.7
314 316 5.2
301 317 3.2
314 317 5.2
316 317 1.7
314 318 5.2
316 318 3.2
317 318 3.2
316 319 5.2
317 319 3.2
318 319 3.2
318 320 5.2
319 320 3.2
320 321 3.2
320 322 3.2
321 322 1.7
247 323 5.2
320 323 5.2
321 323 3.2
322 323 1.7
322 324 3.2
323 324 1.7
324 325 1.7
324 326 5.2
325 326 1.7
324 327 5.2
325 327 3.2
326 327 1.7
259 328 3.2
327 328 5.2
259 329 5.2
328 329 5.2
259 330 1.7
260 330 5.2
261 330 5.2
329 330 5.2
332 333 1.7
333 336 5.2
335 336 1.7
335 337 3.2
336 337 1.7
336 338 3.2
337 338 1.7
336 339 5.2
337 339 3.2
338 339 1.7
337 340 5.2
338 340 3.2
339 340 1.7
338 341 5.2
339 341 5.2
340 341 3.2
340 342 5.2
341 342 1.7
339 343 5.2
341 343 3.2
342 343 3.2
341 344 5.2
342 344 3.2
343 344 1.7
342 345 5.2
343 345 3.2
344 345 3.2
343 346 5.2
344 346 3.2
345 346 1.7
345 347 3.2
346 347 1.7
345 348 5.2
346 348 3.2
347 348 1.7
344 349 5.2
345 349 5.2
346 349 5.2
347 349 3.2
348 349 1.7
346 350 5.2
347 350 5.2
348 350 3.2
349 350 1.7
348 351 5.2
349 351 3.2
350 351 1.7
349 352 5.2
350 352 3.2
351 352 1.7
350 353 5.2
351 353 3.2
352 353 1.7
350 354 5.2
351 354 5.2
352 354 3.2
353 354 1.7
350 355 5.2
351 355 5.2
352 355 3.2
353 355 1.7
354 355 1.7
354 356 5.2
355 356 3.2
356 357 3.2
356 358 3.2
357 358 1.7
356 359 3.2
358 359 1.7
359 360 1.7
356 361 5.2
359 361 3.2
360 361 1.7
359 362 5.2
360 362 3.2
361 362 1.7
359 363 5.2
360 363 5.2
361 363 3.2
362 363 1.7
359 364 5.2
363 364 1.7
184 365 5.2
363 365 3.2
364 365 1.7
362 366 5.2
363 366 5.2
364 366 3.2
365 366 1.7
363 367 5.2
364 367 5.2
365 367 3.2
366 367 1.7
365 368 5.2
366 368 3.2
367 368 1.7
366 369 5.2
367 369 3.2
368 369 1.7
366 370 5.2
367 370 5.2
368 370 3.2
369 370 1.7
6 7 6.2
6 7 6.2
7 7 6.2
7 7 6.2
6 8 6.2
7 8 6.2
7 8 6.2
7 8 6.2
8 8 6.2
7 9 6.2
8 9 6.2
8 9 6.2
9 9 6.2
8 10 6.2
9 10 6.2
11 11 6.2
11 12 6.2
11 15 6.2
11 16 6.2
11 17 6.2
11 20 6.2
20 20 6.2
20 20 6.2
20 21 6.2
20 21 6.2
20 22 6.2
20 23 6.2
20 23 6.2
21 23 6.2
22 23 6.2
22 23 6.2
23 23 6.2
23 23 6.2
23 25 6.2
23 25 6.2
23 26 6.2
23 26 6.2
23 27 6.2
23 27 6.2
7 35 6.2
7 35 6.2
7 35 6.2
7 35 6.2
9 35 6.2
9 35 6.2
25 35 6.2
28 35 6.2
28 35 6.2
34 35 6.2
34 35 6.2
35 35 6.2
35 35 6.2
7 36 6.2
7 36 6.2
8 36 6.2
9 36 6.2
35 36 6.2
35 36 6.2
8 37 6.2
9 37 6.2
9 37 6.2
9 37 6.2
11 37 6.2
11 37 6.2
17 37 6.2
20 37 6.2
20 37 6.2
20 37 6.2
21 37 6.2
21 37 6.2
22 37 6.2
22 37 6.2
35 37 6.2
35 37 6.2
35 37 6.2
36 37 6.2
37 37 6.2
37 37 6.2
8 38 6.2
9 38 6.2
20 38 6.2
37 38 6.2
37 38 6.2
37 39 6.2
10 43 6.2
11 43 6.2
12 43 6.2
42 43 6.2
43 43 6.2
43 44 6.2
43 45 6.2
43 46 6.2
43 47 6.2
47 50 6.2
49 50 6.2
49 50 6.2
50 50 6.2
50 50 6.2
50 51 6.2
50 51 6.2
50 52 6.2
50 52 6.2
50 55 6.2
50 55 6.2
7 58 6.2
8 58 6.2
8 58 6.2
7 59 6.2
7 59 6.2
8 59 6.2
8 59 6.2
9 59 6.2
58 59 6.2
59 59 6.2
10 60 6.2
43 60 6.2
44 60 6.2
47 60 6.2
59 60 6.2
60 60 6.2
11 61 6.2
43 61 6.2
60 61 6.2
60 62 6.2
51 75 6.2
51 75 6.2
52 75 6.2
52 75 6.2
73 75 6.2
73 75 6.2
74 75 6.2
74 75 6.2
75 75 6.2
75 75 6.2
60 76 6.2
70 76 6.2
71 76 6.2
71 76 6.2
75 76 6.2
75 76 6.2
75 76 6.2
76 76 6.2
76 76 6.2
76 77 6.2
76 77 6.2
79 79 6.2
86 89 6.2
87 89 6.2
88 89 6.2
88 89 6.2
89 89 6.2
89 89 6.2
89 90 6.2
89 90 6.2
64 97 6.2
95 97 6.2
95 97 6.2
96 97 6.2
96 97 6.2
97 98 6.2
97 98 6.2
79 103 6.2
98 103 6.2
99 103 6.2
103 1 103 6.2
103 2 103 6.2
70 104 6.2
71 104 6.2
79 104 6.2
79 104 6.2
97 104 6.2
97 104 6.2
98 104 6.2
99 104 6.2
103 1 104 6.2
103 2 104 6.2
104 1 104 6.2
79 105 6.2
97 105 6.2
97 105 6.2
103 1 105 6.2
103 2 105 6.2
104 1 105 6.2
79 106 6.2
97 106 6.2
108 110 6.2
109 110 6.2
110 1 110 6.2
110 2 110 6.2
110 1 111 6.2
110 2 111 6.2
110 G 112 6.2
113 1 113 6.2
113 2 113 6.2
113 1 114 6.2
113 2 114 6.2
115 1 115 6.2
115 2 115 6.2
114 116 6.2
115 1 116 6.2
115 2 116 6.2
116 1 116 6.2
115 1 117 6.2
115 2 117 6.2
115 D 118 6.2
118 121 6.2
118 121 6.2
119 121 6.2
120 121 6.2
121 1 121 6.2
121 2 121 6.2
118 122 6.2
118 122 6.2
121 1 122 6.2
121 2 122 6.2
122 D 122 6.2
129 132 6.2
130 132 6.2
131 132 6.2
132 1 134 6.2
131 135 6.2
132 135 6.2
132 1 135 6.2
134 135 6.2
135 D 135 6.2
132 1 136 6.2
135 D 136 6.2
135 D 137 6.2
135 D 138 6.2
121 139 6.2
135 139 6.2
135 D 139 6.2
136 139 6.2
137 139 6.2
138 139 6.2
138 139 6.2
139 1 139 6.2
139 2 139 6.2
135 D 140 6.2
139 1 140 6.2
139 2 140 6.2
139 1 141 6.2
139 2 141 6.2
139 1 145 6.2
139 2 145 6.2
135 D 146 6.2
139 1 146 6.2
139 2 146 6.2
132 1 147 6.2
139 D 147 6.2
147 1 147 6.2
147 2 147 6.2
147 1 148 6.2
147 2 148 6.2
147 D 149 6.2
149 151 6.2
149 151 6.2
151 1 151 6.2
151 2 151 6.2
151 D 152 6.2
151 D 153 6.2
160 D 160 6.2
158 161 6.2
160 161 6.2
160 D 161 6.2
161 1 161 6.2
178 1 178 6.2
178 1 179 6.2
178 1 180 6.2
167 181 6.2
169 181 6.2
169 181 6.2
170 181 6.2
170 181 6.2
179 181 6.2
180 181 6.2
181 1 181 6.2
181 2 181 6.2
181 1 182 6.2
181 2 182 6.2
167 183 6.2
181 183 6.2
181 1 183 6.2
181 2 183 6.2
182 183 6.2
183 G 183 6.2
181 1 184 6.2
181 2 184 6.2
183 G 184 6.2
181 G 185 6.2
183 G 185 6.2
161 1 192 6.2
192 1 192 6.2
192 2 192 6.2
192 D 193 6.2
160 D 194 6.2
192 D 194 6.2
160 195 6.2
160 195 6.2
160 D 195 6.2
161 195 6.2
192 D 195 6.2
193 195 6.2
195 D 195 6.2
192 1 196 6.2
192 2 196 6.2
193 196 6.2
194 196 6.2
195 196 6.2
195 196 6.2
195 D 196 6.2
196 1 196 6.2
196 2 196 6.2
192 D 197 6.2
195 D 197 6.2
196 1 197 6.2
196 2 197 6.2
196 G 198 6.2
197 198 6.2
198 1 198 6.2
198 2 198 6.2
195 199 6.2
195 D 199 6.2
196 199 6.2
196 G 199 6.2
197 199 6.2
198 199 6.2
198 1 199 6.2
198 2 199 6.2
199 1 199 6.2
196 1 200 6.2
196 2 200 6.2
198 D 200 6.2
199 1 200 6.2
196 G 201 6.2
198 D 201 6.2
199 1 201 6.2
198 D 203 6.2
198 D 204 6.2
199 1 204 6.2
151 D 207 6.2
199 1 207 6.2
151 1 208 6.2
151 2 208 6.2
199 1 208 6.2
207 212 6.2
208 212 6.2
210 212 6.2
211 212 6.2
212 1 212 6.2
212 1 213 6.2
121 1 222 6.2
121 2 222 6.2
121 1 223 6.2
121 2 223 6.2
135 D 223 6.2
139 1 223 6.2
139 2 223 6.2
121 D 224 6.2
122 D 224 6.2
135 D 224 6.2
139 1 224 6.2
139 2 224 6.2
147 D 224 6.2
115 1 225 6.2
115 2 225 6.2
147 D 225 6.2
113 D 226 6.2
115 226 6.2
116 226 6.2
147 D 226 6.2
148 226 6.2
225 226 6.2
226 1 226 6.2
113 D 227 6.2
115 D 227 6.2
116 1 227 6.2
226 1 227 6.2
113 D 228 6.2
114 244 6.2
115 244 6.2
115 244 6.2
116 244 6.2
117 244 6.2
117 244 6.2
244 1 244 6.2
244 2 244 6.2
115 1 245 6.2
115 2 245 6.2
244 1 245 6.2
244 2 245 6.2
115 246 6.2
115 246 6.2
115 D 246 6.2
245 246 6.2
245 246 6.2
246 1 246 6.2
246 2 246 6.2
113 247 6.2
114 247 6.2
114 247 6.2
115 247 6.2
115 247 6.2
116 247 6.2
227 247 6.2
227 247 6.2
246 1 247 6.2
246 2 247 6.2
247 1 247 6.2
247 2 247 6.2
246 G 249 6.2
246 1 255 6.2
246 2 255 6.2
247 1 255 6.2
247 2 255 6.2
247 D 256 6.2
111 259 6.2
111 259 6.2
112 259 6.2
259 1 259 6.2
259 2 259 6.2
110 G 260 6.2
259 1 260 6.2
259 2 260 6.2
64 261 6.2
64 261 6.2
96 261 6.2
96 261 6.2
108 261 6.2
108 261 6.2
109 261 6.2
109 261 6.2
111 261 6.2
259 G 261 6.2
260 261 6.2
261 1 261 6.2
261 2 261 6.2
61 262 6.2
62 262 6.2
62 262 6.2
63 262 6.2
63 262 6.2
108 262 6.2
109 262 6.2
97 263 6.2
261 G 263 6.2
262 1 263 6.2
262 2 263 6.2
79 264 6.2
97 264 6.2
60 265 6.2
76 265 6.2
76 266 6.2
79 266 6.2
266 1 266 6.2
59 267 6.2
76 267 6.2
266 1 267 6.2
266 G 267 6.2
75 269 6.2
7 272 6.2
5 275 6.2
6 275 6.2
7 275 6.2
7 275 6.2
7 275 6.2
33 275 6.2
34 275 6.2
266 1 275 6.2
273 275 6.2
274 275 6.2
274 275 6.2
275 1 275 6.2
275 2 275 6.2
7 276 6.2
7 276 6.2
266 1 276 6.2
275 1 276 6.2
275 2 276 6.2
7 277 6.2
7 277 6.2
59 277 6.2
266 1 277 6.2
275 D 277 6.2
7 278 6.2
7 278 6.2
266 1 278 6.2
275 1 278 6.2
275 2 278 6.2
59 279 6.2
266 1 279 6.2
275 1 279 6.2
275 2 279 6.2
59 280 6.2
106 280 6.2
106 280 6.2
264 280 6.2
264 280 6.2
265 280 6.2
265 280 6.2
277 280 6.2
279 280 6.2
279 280 6.2
280 1 280 6.2
280 2 280 6.2
59 281 6.2
280 1 281 6.2
280 2 281 6.2
23 283 6.2
20 284 6.2
23 284 6.2
280 D 284 6.2
23 285 6.2
280 D 285 6.2
281 285 6.2
284 285 6.2
284 1 285 6.2
284 2 285 6.2
285 1 285 6.2
285 2 285 6.2
285 D 286 6.2
284 D 289 6.2
284 D 290 6.2
286 290 6.2
286 290 6.2
289 290 6.2
290 1 290 6.2
290 2 290 6.2
23 291 6.2
284 D 291 6.2
290 1 291 6.2
290 2 291 6.2
23 292 6.2
284 D 292 6.2
16 293 6.2
16 293 6.2
17 293 6.2
19 293 6.2
19 293 6.2
20 293 6.2
20 293 6.2
21 293 6.2
22 293 6.2
23 293 6.2
23 293 6.2
284 D 293 6.2
290 293 6.2
290 D 293 6.2
292 293 6.2
292 293 6.2
293 1 293 6.2
293 2 293 6.2
23 294 6.2
290 D 294 6.2
293 1 294 6.2
293 2 294 6.2
293 G 295 6.2
293 1 296 6.2
293 2 296 6.2
293 G 297 6.2
16 299 6.2
294 299 6.2
295 299 6.2
299 1 299 6.2
299 2 299 6.2
110 1 301 6.2
110 2 301 6.2
110 G 302 6.2
290 D 302 6.2
299 302 6.2
301 302 6.2
301 302 6.2
302 1 302 6.2
302 2 302 6.2
89 303 6.2
89 303 6.2
110 G 303 6.2
285 D 303 6.2
290 1 303 6.2
290 2 303 6.2
302 1 303 6.2
302 2 303 6.2
88 304 6.2
89 304 6.2
89 304 6.2
89 304 6.2
90 304 6.2
285 D 304 6.2
286 304 6.2
286 304 6.2
287 304 6.2
287 304 6.2
288 304 6.2
290 1 304 6.2
290 2 304 6.2
302 1 304 6.2
302 2 304 6.2
304 D 304 6.2
89 305 6.2
89 305 6.2
304 1 305 6.2
304 2 305 6.2
89 306 6.2
89 306 6.2
304 1 306 6.2
304 2 306 6.2
290 D 307 6.2
302 G 307 6.2
304 1 307 6.2
304 2 307 6.2
302 G 308 6.2
302 G 309 6.2
301 311 6.2
302 311 6.2
302 311 6.2
302 G 311 6.2
304 311 6.2
308 311 6.2
310 311 6.2
310 311 6.2
311 1 311 6.2
311 2 311 6.2
311 1 312 6.2
311 2 312 6.2
299 317 6.2
301 317 6.2
312 317 6.2
313 317 6.2
314 317 6.2
316 317 6.2
317 1 317 6.2
317 1 318 6.2
244 G 319 6.2
317 1 319 6.2
244 G 320 6.2
246 1 322 6.2
246 2 322 6.2
246 1 323 6.2
246 2 323 6.2
110 G 324 6.2
246 G 324 6.2
259 1 324 6.2
259 2 324 6.2
259 G 325 6.2
259 G 326 6.2
259 1 328 6.2
259 2 328 6.2
94 329 6.2
95 329 6.2
96 329 6.2
259 329 6.2
259 G 329 6.2
260 329 6.2
328 329 6.2
329 G 329 6.2
259 1 330 6.2
259 2 330 6.2
261 G 330 6.2
329 1 330 6.2
169 333 6.2
170 333 6.2
176 333 6.2
177 333 6.2
178 333 6.2
332 333 6.2
333 1 333 6.2
333 1 335 6.2
333 1 336 6.2
183 G 343 6.2
341 343 6.2
342 343 6.2
342 343 6.2
343 1 343 6.2
343 2 343 6.2
343 1 344 6.2
343 2 344 6.2
343 1 345 6.2
343 2 345 6.2
343 1 346 6.2
343 2 346 6.2
158 347 6.2
158 347 6.2
161 1 347 6.2
192 D 347 6.2
196 347 6.2
343 G 347 6.2
345 347 6.2
346 347 6.2
346 347 6.2
347 1 347 6.2
347 2 347 6.2
192 D 348 6.2
347 1 348 6.2
347 2 348 6.2
348 1 348 6.2
347 1 349 6.2
347 2 349 6.2
348 1 349 6.2
192 1 350 6.2
192 2 350 6.2
196 1 350 6.2
196 2 350 6.2
347 1 350 6.2
347 2 350 6.2
192 D 351 6.2
196 1 351 6.2
196 2 351 6.2
199 1 351 6.2
347 G 351 6.2
190 357 6.2
193 357 6.2
193 357 6.2
194 357 6.2
194 357 6.2
196 357 6.2
196 G 357 6.2
197 357 6.2
350 357 6.2
356 357 6.2
357 G 357 6.2
357 1 358 6.2
357 2 358 6.2
357 1 359 6.2
357 2 359 6.2
183 G 361 6.2
184 361 6.2
185 361 6.2
185 361 6.2
188 361 6.2
189 361 6.2
190 361 6.2
347 361 6.2
357 1 361 6.2
357 2 361 6.2
361 1 361 6.2
361 2 361 6.2
183 G 362 6.2
361 1 362 6.2
361 2 362 6.2
183 G 363 6.2
183 G 364 6.2
361 D 364 6.2
183 G 365 6.2
361 D 365 6.2
183 G 366 6.2
181 G 368 6.2
183 368 6.2
183 G 368 6.2
342 368 6.2
343 368 6.2
365 368 6.2
367 368 6.2
368 1 368 6.2
290 1 299 6.7
284 2 23 6.7
198 1 195 6.7
195 2 196 6.7
361 1 357 6.7
115 2 244 6.7
7 280 6.7
290 1 284 6.7
290 1 293 6.7
290 1 304 6.7
290 1 304 6.7
290 1 284 6.7
290 1 302 6.7
290 1 302 6.7
290 1 299 6.7
147 2 115 6.7
147 2 198 6.7
147 2 226 6.7
147 2 115 6.7
147 2 132 6.7
284 2 280 6.7
284 2 9 6.7
284 2 20 6.7
284 2 108 6.7
284 2 20 6.7
284 2 280 6.7
284 2 293 6.7
284 2 293 6.7
284 2 59 6.7
284 2 11 6.7
76 104 6.7
76 79 6.7
76 79 6.7
76 266 6.7
20 59 6.7
20 293 6.7
20 293 6.7
122 2 139 6.7
122 2 115 6.7
122 2 135 6.7
299 1 293 6.7
20 35 6.7
20 284 6.7
20 280 6.7
20 37 6.7
20 35 6.7
20 9 6.7
20 11 6.7
43 60 6.7
299 1 290 6.7
304 2 290 6.7
304 2 89 6.7
311 1 302 6.7
311 1 302 6.7
311 1 317 6.7
151 1 198 6.7
151 1 195 6.7
151 1 195 6.7
151 1 347 6.7
151 1 199 6.7
304 2 302 6.7
89 304 6.7
89 285 6.7
89 103 6.7
89 285 6.7
139 1 135 6.7
139 1 135 6.7
139 1 132 6.7
280 1 9 6.7
280 1 59 6.7
247 1 115 6.7
247 1 115 6.7
247 1 246 6.7
247 1 226 6.7
285 1 304 6.7
285 1 89 6.7
285 1 290 6.7
198 1 160 6.7
198 1 160 6.7
275 1 7 6.7
122 1 135 6.7
280 1 79 6.7
75 76 6.7
247 1 246 6.7
285 1 284 6.7
198 1 151 6.7
198 1 132 6.7
198 1 199 6.7
122 1 121 6.7
122 1 121 6.7
122 1 139 6.7
122 1 115 6.7
192 2 357 6.7
192 2 196 6.7
195 2 160 6.7
192 2 343 6.7
192 2 361 6.7
195 2 151 6.7
195 2 347 6.7
195 2 199 6.7
195 2 161 6.7
89 285 6.7
89 302 6.7
160 2 198 6.7
160 2 132 6.7
7 280 6.7
7 275 6.7
7 35 6.7
7 35 6.7
7 9 6.7
7 59 6.7
160 2 195 6.7
160 2 195 6.7
20 11 6.7
103 1 79 6.7
7 280 6.7
20 37 6.7
20 293 6.7
20 290 6.7
20 37 6.7
20 9 6.7
20 59 6.7
121 1 139 6.7
115 2 244 6.7
103 1 104 6.7
115 2 247 6.7
115 2 147 6.7
115 2 246 6.7
115 2 246 6.7
115 2 132 6.7
115 2 226 6.7
192 1 361 6.7
192 1 195 6.7
192 1 196 6.7
192 1 347 6.7
192 1 343 6.7
192 1 347 6.7
192 1 361 6.7
192 1 199 6.7
192 1 161 6.7
103 2 97 6.7
103 2 97 6.7
103 2 104 6.7
103 2 79 6.7
304 1 89 6.7
304 1 89 6.7
304 1 302 6.7
7 275 6.7
7 35 6.7
7 35 6.7
7 9 6.7
7 266 6.7
285 2 290 6.7
135 2 147 6.7
135 1 132 6.7
284 1 59 6.7
135 1 139 6.7
284 1 9 6.7
284 1 293 6.7
284 1 290 6.7
284 1 20 6.7
284 1 9 6.7
247 2 147 6.7
247 2 246 6.7
247 2 246 6.7
247 2 226 6.7
113 2 247 6.7
195 1 347 6.7
195 1 160 6.7
195 1 199 6.7
195 1 161 6.7
247 2 132 6.7
247 2 113 6.7
247 2 115 6.7
247 2 160 6.7
151 2 226 6.7
151 2 347 6.7
151 2 199 6.7
23 20 6.7
23 20 6.7
23 284 6.7
23 293 6.7
23 293 6.7
23 35 6.7
357 2 196 6.7
113 2 116 6.7
198 2 199 6.7
280 2 20 6.7
280 2 9 6.7
280 2 59 6.7
23 9 6.7
357 2 347 6.7
357 2 192 6.7
357 2 196 6.7
357 2 361 6.7
196 2 357 6.7
196 2 347 6.7
198 2 160 6.7
198 2 132 6.7
280 2 23 6.7
343 2 183 6.7
343 2 361 6.7
343 2 368 6.7
343 2 161 6.7
139 2 121 6.7
299 2 293 6.7
259 2 261 6.7
37 35 6.7
37 9 6.7
37 11 6.7
37 8 6.7
121 2 139 6.7
115 1 246 6.7
259 2 329 6.7
275 2 7 6.7
262 1 11 6.7
262 1 261 6.7
311 2 302 6.7
311 2 317 6.7
302 1 311 6.7
183 1 361 6.7
262 1 108 6.7
35 9 6.7
262 1 11 6.7
35 59 6.7
181 2 368 6.7
181 2 368 6.7
181 2 178 6.7
181 2 333 6.7
147 1 226 6.7
302 1 304 6.7
302 1 317 6.7
347 2 192 6.7
347 2 195 6.7
347 2 343 6.7
347 2 348 6.7
183 1 361 6.7
183 1 368 6.7
183 2 181 6.7
183 2 368 6.7
35 37 6.7
293 2 11 6.7
97 261 6.7
97 104 6.7
97 79 6.7
97 261 6.7
244 1 246 6.7
244 1 116 6.7
290 2 302 6.7
259 1 329 6.7
290 2 304 6.7
290 2 299 6.7
76 75 6.7
76 104 6.7
259 1 261 6.7
196 1 199 6.7
181 1 368 6.7
357 1 192 6.7
244 2 116 6.7
293 1 11 6.7
357 1 192 6.7
8 59 6.7
343 1 161 6.7
343 1 361 6.7
110 1 261 6.7
357 1 361 6.7
8 9 6.7
110 1 259 6.7
110 1 329 6.7
261 2 259 6.7
261 2 97 6.7
261 2 329 6.7
110 1 259 6.7
8 9 6.7
8 50 6.7
35 9 6.7
35 59 6.7
8 37 6.7
37 20 6.7
37 9 6.7
110 2 261 6.7
110 2 261 6.7
110 2 302 6.7
110 2 329 6.7
246 1 244 6.7
347 1 196 6.7
347 1 196 6.7
347 1 199 6.7
347 1 348 6.7
37 11 6.7
261 1 97 6.7
261 1 329 6.7
97 103 6.7
104 2 79 6.7
361 2 368 6.7
361 2 368 6.7
361 2 161 6.7
97 104 6.7
97 329 6.7
160 1 132 6.7
368 2 181 6.7
302 2 317 6.7
302 2 317 6.7
9 20 6.7
59 266 6.7
9 37 6.7
226 2 113 6.7
178 2 333 6.7
329 2 259 6.7
266 2 79 6.7
368 1 343 6.7
104 1 79 6.7
60 76 6.7
60 76 6.7
9 59 6.7
9 11 6.7
199 1 347 6.7
178 1 333 6.7
199 1 161 6.7
266 1 280 6.7
266 1 280 6.7
266 1 79 6.7
59 7 6.7
266 1 76 6.7
60 76 6.7
161 1 347 6.7
161 1 347 6.7
11 262 6.7
11 284 6.7
132 1 122 6.7
132 1 135 6.7
132 1 115 6.7
132 1 147 6.7
132 1 226 6.7
226 1 115 6.7
33 275 6.7
33 7 6.7
33 275 6.7
33 35 6.7
108 1 285 6.7
108 1 262 6.7
108 1 284 6.7
108 1 280 6.7
108 1 262 6.7
108 1 293 6.7
108 1 290 6.7
33 35 6.7
108 1 89 6.7
232 1 116 6.2
232 1 244 6.2
232 1 244 6.2
94 89 6.2
94 89 6.2
94 93 5.2
94 88 5.2
158 1 168 5.2
129 1 160 6.2
129 1 226 6.2
129 1 247 6.2
129 1 247 6.2
129 1 246 6.2
129 1 250 5.2
