# MISTIC
# http://mistic.leloir.org.ar
# "Mistic: Mutual Information Server to Infer Coevolution". Franco L Simonetti, Elin Teppa, Ariel Chernomoretz, Morten Nielsen, Cristina Marino Buslje
# Cumulative MI
# resnum	CMI
1	41.234197
2	95.152354
3	47.066163
4	106.99672
5	171.736864
6	128.999815
7	27.552804
8	65.327962
9	122.755804
10	96.343004
11	116.178639
12	201.974345
13	72.198735
14	306.448588
15	55.526993
16	331.138468
17	403.238795
18	227.492687
19	195.807216
20	160.247528
21	72.433416
22	120.798067
23	15.533677
24	159.760222
25	150.955255
26	50.048782
27	105.605328
28	236.010339
29	76.07027
30	126.437875
31	119.431911
32	193.36966
33	55.397673
34	49.701822
35	145.042836
36	147.617187
37	46.568855
38	26.326291
39	232.714816
40	109.354127
41	41.776994
42	75.956439
43	154.552193
44	74.235248
45	40.454126
46	233.487423
47	89.662282
48	22.809891
49	44.857034
50	80.889322
51	58.870414
52	105.771091
53	37.534288
54	0
55	39.049327
56	72.16061
57	73.93949
58	175.05259
59	90.990399
60	97.401212
61	48.580352
62	138.517751
63	161.471993
64	178.089856
65	28.112964
66	74.557594
67	43.356153
68	29.990124
69	14.589485
70	101.033485
71	154.098965
72	17.045811
73	58.908316
74	36.748268
75	198.292847
76	247.330026
77	468.403564
78	449.92313
79	176.811405
80	63.470875
81	106.637261
82	178.188849
83	44.804954
84	28.908456
85	240.010803
86	34.946948
87	22.370951
88	0
89	175.991986
90	233.852824
91	44.985019
92	122.283297
93	179.128099
94	86.230254
95	66.122945
96	35.866714
97	63.492047
98	72.226699
99	55.350646
100	52.324546
101	73.078978
102	137.213403
103	421.853917
104	337.756538
105	399.079572
106	241.426955
107	0
108	0
109	0
110	0
111	0
112	0
113	0
114	0
115	0
116	0
117	0
118	114.09502
119	122.136768
120	100.470826
121	111.903704
122	102.505116
123	102.747831
124	107.000327
125	84.303693
126	101.739327
127	97.569367
128	126.156288
129	95.194703
130	100.342445
131	116.193096
132	108.492312
133	104.407044
134	82.526155
135	99.101046
