ASS        N        HN      RDC

N2N-H   125.3   9.6450   NO_RDC
L3N-H   121.8   8.769   7.794
T4N-H   116.2   8.329   2.63
V5N-H   126.0   8.955   -3.242
N6N-H   129.4   9.534   4.406
G7N-H   102.2   8.915   9.12
K8N-H   121.7   7.9   -1.044
S10N-H   120.3   8.97   9.57
T11N-H   120.191   8.59   11.564
V12N-H   125.0   8.563   NO_RDC
D13N-H   128.3   8.878   12.016
G14N-H   109.9   8.697   -0.012
A15N-H   121.213   7.36   2.694
E16N-H   120.8   8.967   0.604
S17N-H   111.6   7.587   0.122
L18N-H   122.165   8.285   -1.576
N19N-H   118.7   8.92   -0.78
V20N-H   117.90   7.805   3.2
T21N-H   117.4   7.23   9.988
E22N-H   121.238   8.75   13.008
L23N-H   123.9   8.766   3.962
L24N-H   117.1   8.305   4.696
S25N-H   111.5   7.226   11.116
A26N-H   126.1   8.712   7.242
L27N-H   114.25   8.05   -1.622
K28N-H   117.7   7.766   4.736
V29N-H   119.2   7.583   9.504
A30N-H   131.1   8.543   0.962
Q31N-H   117.3   8.982   NO_RDC
A32N-H   119.9   8.029   0.742
E33N-H   116.8   9.338   6.522
Y34N-H   116.10   8.063   -5.424
V35N-H   121.2   7.33   NO_RDC
T36N-H   126.8   8.879   1.736
V37N-H   127.6   9.616   -0.714
E38N-H   126.7   8.934   2.288
L39N-H   128.7   9.004   -6.4
N40N-H   128.749   10.21   -0.866
G41N-H   102.811   8.913   6.998
E42N-H   120.731   7.716   -14.404
V43N-H   126.8   8.872   NO_RDC
L44N-H   129.2   8.81   4.53
E45N-H   122.5   8.742   10.384
R46N-H   124.6   8.674   -7.148
E47N-H   117.3   9.01   -12.728
A48N-H   120.2   8.011   NO_RDC
F49N-H   123.801   8.002   -2.804
D50N-H   115.5   8.558   -8.69
A51N-H   119.5   7.539   -9.87
T52N-H   117.7   7.503   10.02
T53N-H   120.7   8.354   8.534
V54N-H   126.2   9.223   -1.284
K55N-H   124.7   9.074   -8.198
D56N-H   116.7   8.111   -1.076
G57N-H   113.9   9.33   8.902
D58N-H   122.6   8.104   -5.006
A59N-H   121.1   8.326   3.33
V60N-H   121.8   9.061   NO_RDC
E61N-H   123.90   9.027   NO_RDC
F62N-H   122.0   9.075   1.42
L63N-H   125.00   8.996   5.556
Y64N-H   120.1   8.669   -2.14
F65N-H   122.1   8.688   0.99
M66N-H   121.7   8.611   -0.924
G67N-H   109.6   8.213   0.378
G68N-H   108.6   8.353   0.36
G69N-H   109.1   8.406   -0.69
K70N-H   120.5   8.153   -0.868
L71N-H   122.905   8.253   0.36
E72N-H   121.50   8.343   1.216
H73N-H   119.733   8.404   NO_RDC
H74N-H   125.387   8.213   0.79
