100 CA 94 CA 7.0 5.0 123
264 CA 224 CA 7.0 5.0 123
85 CA 22 CA 7.0 5.0 123
193 CA 172 CA 7.0 5.0 123
209 CA 203 CA 7.0 5.0 123
70 CA 28 CA 7.0 5.0 123
263 CA 249 CA 7.0 5.0 123
181 CA 173 CA 7.0 5.0 123
85 CA 24 CA 7.0 5.0 123
216 CA 65 CA 7.0 5.0 123
196 CA 173 CA 7.0 5.0 123
218 CA 121 CA 7.0 5.0 123
262 CA 224 CA 7.0 5.0 123
197 CA 181 CA 7.0 5.0 123
197 CA 183 CA 7.0 5.0 123
87 CA 27 CA 7.0 5.0 123
169 CA 146 CA 7.0 5.0 123
170 CA 163 CA 7.0 5.0 123
111 CA 91 CA 7.0 5.0 123
89 CA 27 CA 7.0 5.0 123
183 CA 173 CA 7.0 5.0 123
121 CA 66 CA 7.0 5.0 123
219 CA 66 CA 7.0 5.0 123
220 CA 69 CA 7.0 5.0 123
201 CA 68 CA 7.0 5.0 123
70 CA 30 CA 7.0 5.0 123
201 CA 65 CA 7.0 5.0 123
96 CA 59 CA 7.0 5.0 123
225 CA 146 CA 7.0 5.0 123
202 CA 68 CA 7.0 5.0 123
139 CA 110 CA 7.0 5.0 123
267 CA 247 CA 7.0 5.0 123
108 CA 91 CA 7.0 5.0 123
211 CA 203 CA 7.0 5.0 123
167 CA 138 CA 7.0 5.0 123
225 CA 148 CA 7.0 5.0 123
117 CA 89 CA 7.0 5.0 123
222 CA 121 CA 7.0 5.0 123
218 CA 148 CA 7.0 5.0 123
223 CA 82 CA 7.0 5.0 123
112 CA 29 CA 7.0 5.0 123
168 CA 149 CA 7.0 5.0 123
226 CA 28 CA 7.0 5.0 123
229 CA 118 CA 7.0 5.0 123
202 CA 72 CA 7.0 5.0 123
230 CA 21 CA 7.0 5.0 123
221 CA 148 CA 7.0 5.0 123
240 CA 225 CA 7.0 5.0 123
93 CA 31 CA 7.0 5.0 123
190 CA 172 CA 7.0 5.0 123
197 CA 173 CA 7.0 5.0 123
117 CA 29 CA 7.0 5.0 123
88 CA 67 CA 7.0 5.0 123
140 CA 113 CA 7.0 5.0 123
240 CA 229 CA 7.0 5.0 123
88 CA 71 CA 7.0 5.0 123
66 CA 30 CA 7.0 5.0 123
197 CA 175 CA 7.0 5.0 123
229 CA 26 CA 7.0 5.0 123
170 CA 151 CA 7.0 5.0 123
149 CA 122 CA 7.0 5.0 123
230 CA 22 CA 7.0 5.0 123
86 CA 28 CA 7.0 5.0 123
267 CA 228 CA 7.0 5.0 123
212 CA 197 CA 7.0 5.0 123
211 CA 65 CA 7.0 5.0 123
218 CA 150 CA 7.0 5.0 123
145 CA 113 CA 7.0 5.0 123
147 CA 122 CA 7.0 5.0 123
210 CA 200 CA 7.0 5.0 123
222 CA 119 CA 7.0 5.0 123
244 CA 192 CA 7.0 5.0 123
124 CA 105 CA 7.0 5.0 123
90 CA 67 CA 7.0 5.0 123
90 CA 35 CA 7.0 5.0 123
184 CA 172 CA 7.0 5.0 123
226 CA 83 CA 7.0 5.0 123
122 CA 109 CA 7.0 5.0 123
221 CA 194 CA 7.0 5.0 123
216 CA 69 CA 7.0 5.0 123
140 CA 109 CA 7.0 5.0 123
164 CA 134 CA 7.0 5.0 123
262 CA 192 CA 7.0 5.0 123
259 CA 245 CA 7.0 5.0 123
204 CA 36 CA 7.0 5.0 123
243 CA 232 CA 7.0 5.0 123
165 CA 134 CA 7.0 5.0 123
86 CA 71 CA 7.0 5.0 123
62 CA 32 CA 7.0 5.0 123
167 CA 141 CA 7.0 5.0 123
145 CA 120 CA 7.0 5.0 123
261 CA 178 CA 7.0 5.0 123
263 CA 12 CA 7.0 5.0 123
67 CA 35 CA 7.0 5.0 123
205 CA 36 CA 7.0 5.0 123
81 CA 72 CA 7.0 5.0 123
115 CA 91 CA 7.0 5.0 123
192 CA 171 CA 7.0 5.0 123
208 CA 38 CA 7.0 5.0 123
244 CA 225 CA 7.0 5.0 123
219 CA 123 CA 7.0 5.0 123
83 CA 23 CA 7.0 5.0 123
180 CA 155 CA 7.0 5.0 123
147 CA 140 CA 7.0 5.0 123
216 CA 201 CA 7.0 5.0 123
168 CA 137 CA 7.0 5.0 123
193 CA 180 CA 7.0 5.0 123
221 CA 171 CA 7.0 5.0 123
261 CA 249 CA 7.0 5.0 123
136 CA 106 CA 7.0 5.0 123
193 CA 174 CA 7.0 5.0 123
108 CA 93 CA 7.0 5.0 123
41 CA 35 CA 7.0 5.0 123
262 CA 221 CA 7.0 5.0 123
235 CA 228 CA 7.0 5.0 123
169 CA 148 CA 7.0 5.0 123
261 CA 251 CA 7.0 5.0 123
58 CA 33 CA 7.0 5.0 123
165 CA 138 CA 7.0 5.0 123
108 CA 31 CA 7.0 5.0 123
147 CA 120 CA 7.0 5.0 123
166 CA 138 CA 7.0 5.0 123
87 CA 25 CA 7.0 5.0 123
256 CA 186 CA 7.0 5.0 123
185 CA 154 CA 7.0 5.0 123
140 CA 120 CA 7.0 5.0 123
68 CA 38 CA 7.0 5.0 123
80 CA 74 CA 7.0 5.0 123
221 CA 192 CA 7.0 5.0 123
124 CA 93 CA 7.0 5.0 123
216 CA 66 CA 7.0 5.0 123
215 CA 62 CA 7.0 5.0 123
220 CA 195 CA 7.0 5.0 123
240 CA 228 CA 7.0 5.0 123
67 CA 30 CA 7.0 5.0 123
261 CA 174 CA 7.0 5.0 123
140 CA 112 CA 7.0 5.0 123
139 CA 113 CA 7.0 5.0 123
146 CA 119 CA 7.0 5.0 123
139 CA 114 CA 7.0 5.0 123
92 CA 48 CA 7.0 5.0 123
150 CA 125 CA 7.0 5.0 123
202 CA 38 CA 7.0 5.0 123
219 CA 121 CA 7.0 5.0 123
189 CA 159 CA 7.0 5.0 123
241 CA 169 CA 7.0 5.0 123
226 CA 26 CA 7.0 5.0 123
88 CA 35 CA 7.0 5.0 123
92 CA 58 CA 7.0 5.0 123
89 CA 29 CA 7.0 5.0 123
81 CA 73 CA 7.0 5.0 123
56 CA 48 CA 7.0 5.0 123
126 CA 102 CA 7.0 5.0 123
79 CA 72 CA 7.0 5.0 123
206 CA 39 CA 7.0 5.0 123
89 CA 44 CA 7.0 5.0 123
80 CA 17 CA 7.0 5.0 123
132 CA 106 CA 7.0 5.0 123
217 CA 150 CA 7.0 5.0 123
60 CA 33 CA 7.0 5.0 123
75 CA 40 CA 7.0 5.0 123
87 CA 44 CA 7.0 5.0 123
148 CA 119 CA 7.0 5.0 123
214 CA 173 CA 7.0 5.0 123
266 CA 247 CA 7.0 5.0 123
229 CA 144 CA 7.0 5.0 123
186 CA 180 CA 7.0 5.0 123
120 CA 112 CA 7.0 5.0 123
257 CA 251 CA 7.0 5.0 123
143 CA 113 CA 7.0 5.0 123
112 CA 91 CA 7.0 5.0 123
137 CA 109 CA 7.0 5.0 123
150 CA 123 CA 7.0 5.0 123
266 CA 249 CA 7.0 5.0 123
153 CA 62 CA 7.0 5.0 123
133 CA 102 CA 7.0 5.0 123
91 CA 31 CA 7.0 5.0 123
91 CA 49 CA 7.0 5.0 123
83 CA 25 CA 7.0 5.0 123
222 CA 148 CA 7.0 5.0 123
120 CA 109 CA 7.0 5.0 123
208 CA 200 CA 7.0 5.0 123
229 CA 146 CA 7.0 5.0 123
105 CA 93 CA 7.0 5.0 123
118 CA 27 CA 7.0 5.0 123
265 CA 15 CA 7.0 5.0 123
82 CA 11 CA 7.0 5.0 123
149 CA 124 CA 7.0 5.0 123
122 CA 105 CA 7.0 5.0 123
122 CA 31 CA 7.0 5.0 123
257 CA 250 CA 7.0 5.0 123
220 CA 82 CA 7.0 5.0 123
240 CA 146 CA 7.0 5.0 123
244 CA 224 CA 7.0 5.0 123
84 CA 74 CA 7.0 5.0 123
185 CA 155 CA 7.0 5.0 123
237 CA 146 CA 7.0 5.0 123
211 CA 201 CA 7.0 5.0 123
119 CA 26 CA 7.0 5.0 123
91 CA 29 CA 7.0 5.0 123
115 CA 89 CA 7.0 5.0 123
208 CA 202 CA 7.0 5.0 123
57 CA 37 CA 7.0 5.0 123
86 CA 23 CA 7.0 5.0 123
74 CA 40 CA 7.0 5.0 123
225 CA 119 CA 7.0 5.0 123
215 CA 153 CA 7.0 5.0 123
264 CA 227 CA 7.0 5.0 123
111 CA 49 CA 7.0 5.0 123
226 CA 119 CA 7.0 5.0 123
208 CA 40 CA 7.0 5.0 123
244 CA 221 CA 7.0 5.0 123
81 CA 71 CA 7.0 5.0 123
148 CA 121 CA 7.0 5.0 123
212 CA 198 CA 7.0 5.0 123
186 CA 156 CA 7.0 5.0 123
82 CA 73 CA 7.0 5.0 123
79 CA 40 CA 7.0 5.0 123
202 CA 40 CA 7.0 5.0 123
168 CA 162 CA 7.0 5.0 123
243 CA 228 CA 7.0 5.0 123
245 CA 191 CA 7.0 5.0 123
219 CA 183 CA 7.0 5.0 123
237 CA 144 CA 7.0 5.0 123
92 CA 34 CA 7.0 5.0 123
265 CA 19 CA 7.0 5.0 123
219 CA 213 CA 7.0 5.0 123
63 CA 32 CA 7.0 5.0 123
212 CA 173 CA 7.0 5.0 123
120 CA 31 CA 7.0 5.0 123
267 CA 243 CA 7.0 5.0 123
147 CA 109 CA 7.0 5.0 123
190 CA 151 CA 7.0 5.0 123
165 CA 141 CA 7.0 5.0 123
92 CA 59 CA 7.0 5.0 123
220 CA 199 CA 7.0 5.0 123
260 CA 248 CA 7.0 5.0 123
73 CA 42 CA 7.0 5.0 123
225 CA 169 CA 7.0 5.0 123
170 CA 149 CA 7.0 5.0 123
124 CA 94 CA 7.0 5.0 123
147 CA 141 CA 7.0 5.0 123
216 CA 196 CA 7.0 5.0 123
241 CA 141 CA 7.0 5.0 123
162 CA 149 CA 7.0 5.0 123
172 CA 151 CA 7.0 5.0 123
172 CA 152 CA 7.0 5.0 123
80 CA 73 CA 7.0 5.0 123
53 CA 47 CA 7.0 5.0 123
79 CA 73 CA 7.0 5.0 123
147 CA 137 CA 7.0 5.0 123
212 CA 183 CA 7.0 5.0 123
168 CA 147 CA 7.0 5.0 123
265 CA 12 CA 7.0 5.0 123
84 CA 22 CA 7.0 5.0 123
117 CA 27 CA 7.0 5.0 123
90 CA 46 CA 7.0 5.0 123
145 CA 117 CA 7.0 5.0 123
17 CA 11 CA 7.0 5.0 123
64 CA 41 CA 7.0 5.0 123
133 CA 106 CA 7.0 5.0 123
237 CA 229 CA 7.0 5.0 123
61 CA 34 CA 7.0 5.0 123
100 CA 93 CA 7.0 5.0 123
262 CA 256 CA 7.0 5.0 123
163 CA 149 CA 7.0 5.0 123
231 CA 21 CA 7.0 5.0 123
61 CA 33 CA 7.0 5.0 123
227 CA 21 CA 7.0 5.0 123
226 CA 86 CA 7.0 5.0 123
264 CB 224 CB 7.0 5.0 123
85 CB 22 CB 7.0 5.0 123
209 CB 203 CB 7.0 5.0 123
70 CB 28 CB 7.0 5.0 123
263 CB 249 CB 7.0 5.0 123
181 CB 173 CB 7.0 5.0 123
85 CB 24 CB 7.0 5.0 123
216 CB 65 CB 7.0 5.0 123
218 CB 121 CB 7.0 5.0 123
262 CB 224 CB 7.0 5.0 123
197 CB 181 CB 7.0 5.0 123
197 CB 183 CB 7.0 5.0 123
87 CB 27 CB 7.0 5.0 123
169 CB 146 CB 7.0 5.0 123
170 CB 163 CB 7.0 5.0 123
111 CB 91 CB 7.0 5.0 123
89 CB 27 CB 7.0 5.0 123
183 CB 173 CB 7.0 5.0 123
121 CB 66 CB 7.0 5.0 123
219 CB 66 CB 7.0 5.0 123
220 CB 69 CB 7.0 5.0 123
70 CB 30 CB 7.0 5.0 123
201 CB 65 CB 7.0 5.0 123
225 CB 146 CB 7.0 5.0 123
139 CB 110 CB 7.0 5.0 123
267 CB 247 CB 7.0 5.0 123
211 CB 203 CB 7.0 5.0 123
167 CB 138 CB 7.0 5.0 123
225 CB 148 CB 7.0 5.0 123
117 CB 89 CB 7.0 5.0 123
222 CB 121 CB 7.0 5.0 123
218 CB 148 CB 7.0 5.0 123
112 CB 29 CB 7.0 5.0 123
168 CB 149 CB 7.0 5.0 123
226 CB 28 CB 7.0 5.0 123
229 CB 118 CB 7.0 5.0 123
202 CB 72 CB 7.0 5.0 123
230 CB 21 CB 7.0 5.0 123
221 CB 148 CB 7.0 5.0 123
240 CB 225 CB 7.0 5.0 123
93 CB 31 CB 7.0 5.0 123
197 CB 173 CB 7.0 5.0 123
117 CB 29 CB 7.0 5.0 123
88 CB 67 CB 7.0 5.0 123
240 CB 229 CB 7.0 5.0 123
88 CB 71 CB 7.0 5.0 123
66 CB 30 CB 7.0 5.0 123
197 CB 175 CB 7.0 5.0 123
229 CB 26 CB 7.0 5.0 123
170 CB 151 CB 7.0 5.0 123
149 CB 122 CB 7.0 5.0 123
230 CB 22 CB 7.0 5.0 123
86 CB 28 CB 7.0 5.0 123
267 CB 228 CB 7.0 5.0 123
212 CB 197 CB 7.0 5.0 123
211 CB 65 CB 7.0 5.0 123
218 CB 150 CB 7.0 5.0 123
147 CB 122 CB 7.0 5.0 123
210 CB 200 CB 7.0 5.0 123
222 CB 119 CB 7.0 5.0 123
244 CB 192 CB 7.0 5.0 123
124 CB 105 CB 7.0 5.0 123
90 CB 67 CB 7.0 5.0 123
90 CB 35 CB 7.0 5.0 123
226 CB 83 CB 7.0 5.0 123
122 CB 109 CB 7.0 5.0 123
221 CB 194 CB 7.0 5.0 123
216 CB 69 CB 7.0 5.0 123
140 CB 109 CB 7.0 5.0 123
164 CB 134 CB 7.0 5.0 123
262 CB 192 CB 7.0 5.0 123
259 CB 245 CB 7.0 5.0 123
204 CB 36 CB 7.0 5.0 123
243 CB 232 CB 7.0 5.0 123
165 CB 134 CB 7.0 5.0 123
86 CB 71 CB 7.0 5.0 123
62 CB 32 CB 7.0 5.0 123
167 CB 141 CB 7.0 5.0 123
145 CB 120 CB 7.0 5.0 123
261 CB 178 CB 7.0 5.0 123
263 CB 12 CB 7.0 5.0 123
67 CB 35 CB 7.0 5.0 123
115 CB 91 CB 7.0 5.0 123
192 CB 171 CB 7.0 5.0 123
208 CB 38 CB 7.0 5.0 123
244 CB 225 CB 7.0 5.0 123
219 CB 123 CB 7.0 5.0 123
147 CB 140 CB 7.0 5.0 123
216 CB 201 CB 7.0 5.0 123
168 CB 137 CB 7.0 5.0 123
193 CB 180 CB 7.0 5.0 123
221 CB 171 CB 7.0 5.0 123
261 CB 249 CB 7.0 5.0 123
136 CB 106 CB 7.0 5.0 123
193 CB 174 CB 7.0 5.0 123
41 CB 35 CB 7.0 5.0 123
262 CB 221 CB 7.0 5.0 123
235 CB 228 CB 7.0 5.0 123
169 CB 148 CB 7.0 5.0 123
261 CB 251 CB 7.0 5.0 123
58 CB 33 CB 7.0 5.0 123
165 CB 138 CB 7.0 5.0 123
147 CB 120 CB 7.0 5.0 123
166 CB 138 CB 7.0 5.0 123
256 CB 186 CB 7.0 5.0 123
185 CB 154 CB 7.0 5.0 123
140 CB 120 CB 7.0 5.0 123
80 CB 74 CB 7.0 5.0 123
221 CB 192 CB 7.0 5.0 123
124 CB 93 CB 7.0 5.0 123
216 CB 66 CB 7.0 5.0 123
215 CB 62 CB 7.0 5.0 123
220 CB 195 CB 7.0 5.0 123
240 CB 228 CB 7.0 5.0 123
67 CB 30 CB 7.0 5.0 123
261 CB 174 CB 7.0 5.0 123
140 CB 112 CB 7.0 5.0 123
146 CB 119 CB 7.0 5.0 123
139 CB 114 CB 7.0 5.0 123
92 CB 48 CB 7.0 5.0 123
202 CB 38 CB 7.0 5.0 123
219 CB 121 CB 7.0 5.0 123
241 CB 169 CB 7.0 5.0 123
226 CB 26 CB 7.0 5.0 123
88 CB 35 CB 7.0 5.0 123
92 CB 58 CB 7.0 5.0 123
89 CB 29 CB 7.0 5.0 123
56 CB 48 CB 7.0 5.0 123
126 CB 102 CB 7.0 5.0 123
79 CB 72 CB 7.0 5.0 123
206 CB 39 CB 7.0 5.0 123
89 CB 44 CB 7.0 5.0 123
80 CB 17 CB 7.0 5.0 123
132 CB 106 CB 7.0 5.0 123
217 CB 150 CB 7.0 5.0 123
60 CB 33 CB 7.0 5.0 123
75 CB 40 CB 7.0 5.0 123
87 CB 44 CB 7.0 5.0 123
148 CB 119 CB 7.0 5.0 123
214 CB 173 CB 7.0 5.0 123
266 CB 247 CB 7.0 5.0 123
186 CB 180 CB 7.0 5.0 123
120 CB 112 CB 7.0 5.0 123
257 CB 251 CB 7.0 5.0 123
112 CB 91 CB 7.0 5.0 123
137 CB 109 CB 7.0 5.0 123
150 CB 123 CB 7.0 5.0 123
266 CB 249 CB 7.0 5.0 123
153 CB 62 CB 7.0 5.0 123
133 CB 102 CB 7.0 5.0 123
91 CB 31 CB 7.0 5.0 123
91 CB 49 CB 7.0 5.0 123
222 CB 148 CB 7.0 5.0 123
120 CB 109 CB 7.0 5.0 123
208 CB 200 CB 7.0 5.0 123
229 CB 146 CB 7.0 5.0 123
105 CB 93 CB 7.0 5.0 123
118 CB 27 CB 7.0 5.0 123
265 CB 15 CB 7.0 5.0 123
82 CB 11 CB 7.0 5.0 123
149 CB 124 CB 7.0 5.0 123
122 CB 105 CB 7.0 5.0 123
122 CB 31 CB 7.0 5.0 123
257 CB 250 CB 7.0 5.0 123
220 CB 82 CB 7.0 5.0 123
240 CB 146 CB 7.0 5.0 123
244 CB 224 CB 7.0 5.0 123
84 CB 74 CB 7.0 5.0 123
237 CB 146 CB 7.0 5.0 123
211 CB 201 CB 7.0 5.0 123
119 CB 26 CB 7.0 5.0 123
91 CB 29 CB 7.0 5.0 123
115 CB 89 CB 7.0 5.0 123
208 CB 202 CB 7.0 5.0 123
57 CB 37 CB 7.0 5.0 123
74 CB 40 CB 7.0 5.0 123
225 CB 119 CB 7.0 5.0 123
215 CB 153 CB 7.0 5.0 123
264 CB 227 CB 7.0 5.0 123
111 CB 49 CB 7.0 5.0 123
226 CB 119 CB 7.0 5.0 123
208 CB 40 CB 7.0 5.0 123
244 CB 221 CB 7.0 5.0 123
148 CB 121 CB 7.0 5.0 123
212 CB 198 CB 7.0 5.0 123
186 CB 156 CB 7.0 5.0 123
82 CB 73 CB 7.0 5.0 123
79 CB 40 CB 7.0 5.0 123
202 CB 40 CB 7.0 5.0 123
168 CB 162 CB 7.0 5.0 123
243 CB 228 CB 7.0 5.0 123
245 CB 191 CB 7.0 5.0 123
219 CB 183 CB 7.0 5.0 123
265 CB 19 CB 7.0 5.0 123
212 CB 173 CB 7.0 5.0 123
120 CB 31 CB 7.0 5.0 123
267 CB 243 CB 7.0 5.0 123
147 CB 109 CB 7.0 5.0 123
190 CB 151 CB 7.0 5.0 123
165 CB 141 CB 7.0 5.0 123
220 CB 199 CB 7.0 5.0 123
73 CB 42 CB 7.0 5.0 123
225 CB 169 CB 7.0 5.0 123
170 CB 149 CB 7.0 5.0 123
124 CB 94 CB 7.0 5.0 123
147 CB 141 CB 7.0 5.0 123
241 CB 141 CB 7.0 5.0 123
162 CB 149 CB 7.0 5.0 123
80 CB 73 CB 7.0 5.0 123
53 CB 47 CB 7.0 5.0 123
79 CB 73 CB 7.0 5.0 123
147 CB 137 CB 7.0 5.0 123
212 CB 183 CB 7.0 5.0 123
168 CB 147 CB 7.0 5.0 123
265 CB 12 CB 7.0 5.0 123
84 CB 22 CB 7.0 5.0 123
117 CB 27 CB 7.0 5.0 123
145 CB 117 CB 7.0 5.0 123
17 CB 11 CB 7.0 5.0 123
64 CB 41 CB 7.0 5.0 123
133 CB 106 CB 7.0 5.0 123
237 CB 229 CB 7.0 5.0 123
262 CB 256 CB 7.0 5.0 123
163 CB 149 CB 7.0 5.0 123
231 CB 21 CB 7.0 5.0 123
227 CB 21 CB 7.0 5.0 123
226 CB 86 CB 7.0 5.0 123
100 CA 94 CD1 4.0 5.0 123
264 CB 224 CB 4.0 5.0 123
85 OG 22 OG1 4.0 5.0 123
193 CG1 172 CA 4.0 5.0 123
209 CB 203 OH 4.0 5.0 123
70 CD1 28 CG1 4.0 5.0 123
263 OD1 249 OG1 4.0 5.0 123
181 CB 173 CB 4.0 5.0 123
85 OG 24 OG 4.0 5.0 123
216 CE 65 CE1 4.0 5.0 123
196 CA 173 CB 4.0 5.0 123
218 OG1 121 OD1 4.0 5.0 123
262 CG1 224 CB 4.0 5.0 123
197 CG1 181 CB 4.0 5.0 123
197 CG1 183 CZ 4.0 5.0 123
87 OE1 27 NZ 4.0 5.0 123
169 CE 146 CD1 4.0 5.0 123
170 CB 163 CB 4.0 5.0 123
111 CH2 91 CG1 4.0 5.0 123
89 OH 27 NZ 4.0 5.0 123
183 CZ 173 CB 4.0 5.0 123
121 OD1 66 CG1 4.0 5.0 123
219 CG 66 CG1 4.0 5.0 123
220 CE1 69 OG1 4.0 5.0 123
201 OG 68 CA 4.0 5.0 123
70 CD1 30 CG1 4.0 5.0 123
201 OG 65 CE1 4.0 5.0 123
96 CB 59 CA 4.0 5.0 123
225 CB 146 CD1 4.0 5.0 123
202 OG1 68 CA 4.0 5.0 123
139 OG 110 OE1 4.0 5.0 123
267 CB 247 OG1 4.0 5.0 123
108 CA 91 CG1 4.0 5.0 123
211 CD1 203 OH 4.0 5.0 123
167 OD1 138 OD1 4.0 5.0 123
225 CB 148 CG1 4.0 5.0 123
117 CE 89 OH 4.0 5.0 123
222 CB 121 OD1 4.0 5.0 123
218 OG1 148 CG1 4.0 5.0 123
223 CA 82 CG1 4.0 5.0 123
112 CB 29 CB 4.0 5.0 123
168 CB 149 CB 4.0 5.0 123
226 CB 28 CG1 4.0 5.0 123
229 NZ 118 CE1 4.0 5.0 123
202 OG1 72 CB 4.0 5.0 123
230 OE1 21 CD1 4.0 5.0 123
221 CG1 148 CG1 4.0 5.0 123
240 CD1 225 CB 4.0 5.0 123
93 CG1 31 CD1 4.0 5.0 123
190 CD1 172 CA 4.0 5.0 123
197 CG1 173 CB 4.0 5.0 123
117 CE 29 CB 4.0 5.0 123
88 CD1 67 CB 4.0 5.0 123
140 CB 113 CA 4.0 5.0 123
240 CD1 229 NZ 4.0 5.0 123
88 CD1 71 CB 4.0 5.0 123
66 CG1 30 CG1 4.0 5.0 123
197 CG1 175 OD1 4.0 5.0 123
229 NZ 26 CG1 4.0 5.0 123
170 CB 151 OG 4.0 5.0 123
149 CB 122 CD1 4.0 5.0 123
230 OE1 22 OG1 4.0 5.0 123
86 CB 28 CG1 4.0 5.0 123
267 CB 228 CG1 4.0 5.0 123
212 OD1 197 CG1 4.0 5.0 123
211 CD1 65 CE1 4.0 5.0 123
218 OG1 150 CB 4.0 5.0 123
145 CG1 113 CA 4.0 5.0 123
147 CG1 122 CD1 4.0 5.0 123
210 OG 200 OE1 4.0 5.0 123
222 CB 119 CG1 4.0 5.0 123
244 CD1 192 CD1 4.0 5.0 123
124 CD1 105 CD1 4.0 5.0 123
90 CB 67 CB 4.0 5.0 123
90 CB 35 CD1 4.0 5.0 123
184 OG 172 CA 4.0 5.0 123
226 CB 83 CB 4.0 5.0 123
122 CD1 109 CD1 4.0 5.0 123
221 CG1 194 CB 4.0 5.0 123
216 CE 69 OG1 4.0 5.0 123
140 CB 109 CD1 4.0 5.0 123
164 NH1 134 OE1 4.0 5.0 123
262 CG1 192 CD1 4.0 5.0 123
259 OG 245 NZ 4.0 5.0 123
204 CG 36 OG 4.0 5.0 123
243 CE1 232 OD1 4.0 5.0 123
165 OH 134 OE1 4.0 5.0 123
86 CB 71 CB 4.0 5.0 123
62 CE1 32 OD1 4.0 5.0 123
167 OD1 141 OG1 4.0 5.0 123
145 CG1 120 CB 4.0 5.0 123
261 CD1 178 OD1 4.0 5.0 123
263 OD1 12 OE1 4.0 5.0 123
67 CB 35 CD1 4.0 5.0 123
205 CA 36 OG 4.0 5.0 123
81 CA 72 CB 4.0 5.0 123
115 OD1 91 CG1 4.0 5.0 123
192 CD1 171 CG1 4.0 5.0 123
208 OH 38 CE1 4.0 5.0 123
244 CD1 225 CB 4.0 5.0 123
219 CG 123 OG 4.0 5.0 123
83 CB 23 CA 4.0 5.0 123
180 NH1 155 CA 4.0 5.0 123
147 CG1 140 CB 4.0 5.0 123
216 CE 201 OG 4.0 5.0 123
168 CB 137 CG1 4.0 5.0 123
193 CG1 180 NH1 4.0 5.0 123
221 CG1 171 CG1 4.0 5.0 123
261 CD1 249 OG1 4.0 5.0 123
136 CB 106 CB 4.0 5.0 123
193 CG1 174 OG1 4.0 5.0 123
108 CA 93 CG1 4.0 5.0 123
41 CD1 35 CD1 4.0 5.0 123
262 CG1 221 CG1 4.0 5.0 123
235 CH2 228 CG1 4.0 5.0 123
169 CE 148 CG1 4.0 5.0 123
261 CD1 251 CD1 4.0 5.0 123
58 OD1 33 OG1 4.0 5.0 123
165 OH 138 OD1 4.0 5.0 123
108 CA 31 CD1 4.0 5.0 123
147 CG1 120 CB 4.0 5.0 123
166 CB 138 OD1 4.0 5.0 123
87 OE1 25 CA 4.0 5.0 123
256 CD1 186 OH 4.0 5.0 123
185 OE1 154 OG 4.0 5.0 123
140 CB 120 CB 4.0 5.0 123
68 CA 38 CE1 4.0 5.0 123
80 CD1 74 OD1 4.0 5.0 123
221 CG1 192 CD1 4.0 5.0 123
124 CD1 93 CG1 4.0 5.0 123
216 CE 66 CG1 4.0 5.0 123
215 OG 62 CE1 4.0 5.0 123
220 CE1 195 CG 4.0 5.0 123
240 CD1 228 CG1 4.0 5.0 123
67 CB 30 CG1 4.0 5.0 123
261 CD1 174 OG1 4.0 5.0 123
140 CB 112 CB 4.0 5.0 123
139 OG 113 CA 4.0 5.0 123
146 CD1 119 CG1 4.0 5.0 123
139 OG 114 OD1 4.0 5.0 123
92 NZ 48 OG 4.0 5.0 123
150 CB 125 CA 4.0 5.0 123
202 OG1 38 CE1 4.0 5.0 123
219 CG 121 OD1 4.0 5.0 123
189 CA 159 CD1 4.0 5.0 123
241 NH1 169 CE 4.0 5.0 123
226 CB 26 CG1 4.0 5.0 123
88 CD1 35 CD1 4.0 5.0 123
92 NZ 58 OD1 4.0 5.0 123
89 OH 29 CB 4.0 5.0 123
81 CA 73 CD1 4.0 5.0 123
56 OG1 48 OG 4.0 5.0 123
126 OG 102 CG1 4.0 5.0 123
79 CG1 72 CB 4.0 5.0 123
206 OG 39 CG 4.0 5.0 123
89 OH 44 NH1 4.0 5.0 123
80 CD1 17 CE1 4.0 5.0 123
132 OG1 106 CB 4.0 5.0 123
217 CB 150 CB 4.0 5.0 123
60 OD1 33 OG1 4.0 5.0 123
75 OD1 40 OD1 4.0 5.0 123
87 OE1 44 NH1 4.0 5.0 123
148 CG1 119 CG1 4.0 5.0 123
214 OG1 173 CB 4.0 5.0 123
266 CB 247 OG1 4.0 5.0 123
229 NZ 144 CA 4.0 5.0 123
186 OH 180 NH1 4.0 5.0 123
120 CB 112 CB 4.0 5.0 123
257 OH 251 CD1 4.0 5.0 123
143 NH1 113 CA 4.0 5.0 123
112 CB 91 CG1 4.0 5.0 123
137 CG1 109 CD1 4.0 5.0 123
150 CB 123 OG 4.0 5.0 123
266 CB 249 OG1 4.0 5.0 123
153 OD1 62 CE1 4.0 5.0 123
133 CD1 102 CG1 4.0 5.0 123
91 CG1 31 CD1 4.0 5.0 123
91 CG1 49 CZ 4.0 5.0 123
83 CB 25 CA 4.0 5.0 123
222 CB 148 CG1 4.0 5.0 123
120 CB 109 CD1 4.0 5.0 123
208 OH 200 OE1 4.0 5.0 123
229 NZ 146 CD1 4.0 5.0 123
105 CD1 93 CG1 4.0 5.0 123
118 CE1 27 NZ 4.0 5.0 123
265 OE1 15 CB 4.0 5.0 123
82 CG1 11 CG1 4.0 5.0 123
149 CB 124 CD1 4.0 5.0 123
122 CD1 105 CD1 4.0 5.0 123
122 CD1 31 CD1 4.0 5.0 123
257 OH 250 OG 4.0 5.0 123
220 CE1 82 CG1 4.0 5.0 123
240 CD1 146 CD1 4.0 5.0 123
244 CD1 224 CB 4.0 5.0 123
84 CG 74 OD1 4.0 5.0 123
185 OE1 155 CA 4.0 5.0 123
237 OD1 146 CD1 4.0 5.0 123
211 CD1 201 OG 4.0 5.0 123
119 CG1 26 CG1 4.0 5.0 123
91 CG1 29 CB 4.0 5.0 123
115 OD1 89 OH 4.0 5.0 123
208 OH 202 OG1 4.0 5.0 123
57 OE1 37 OG1 4.0 5.0 123
86 CB 23 CA 4.0 5.0 123
74 OD1 40 OD1 4.0 5.0 123
225 CB 119 CG1 4.0 5.0 123
215 OG 153 OD1 4.0 5.0 123
264 CB 227 CD1 4.0 5.0 123
111 CH2 49 CZ 4.0 5.0 123
226 CB 119 CG1 4.0 5.0 123
208 OH 40 OD1 4.0 5.0 123
244 CD1 221 CG1 4.0 5.0 123
81 CA 71 CB 4.0 5.0 123
148 CG1 121 OD1 4.0 5.0 123
212 OD1 198 OD1 4.0 5.0 123
186 OH 156 CB 4.0 5.0 123
82 CG1 73 CD1 4.0 5.0 123
79 CG1 40 OD1 4.0 5.0 123
202 OG1 40 OD1 4.0 5.0 123
168 CB 162 CG 4.0 5.0 123
243 CE1 228 CG1 4.0 5.0 123
245 NZ 191 OD1 4.0 5.0 123
219 CG 183 CZ 4.0 5.0 123
237 OD1 144 CA 4.0 5.0 123
92 NZ 34 CA 4.0 5.0 123
265 OE1 19 NH1 4.0 5.0 123
219 CG 213 CA 4.0 5.0 123
63 CA 32 OD1 4.0 5.0 123
212 OD1 173 CB 4.0 5.0 123
120 CB 31 CD1 4.0 5.0 123
267 CB 243 CE1 4.0 5.0 123
147 CG1 109 CD1 4.0 5.0 123
190 CD1 151 OG 4.0 5.0 123
165 OH 141 OG1 4.0 5.0 123
92 NZ 59 CA 4.0 5.0 123
220 CE1 199 CG1 4.0 5.0 123
260 CA 248 CB 4.0 5.0 123
73 CD1 42 OD1 4.0 5.0 123
225 CB 169 CE 4.0 5.0 123
170 CB 149 CB 4.0 5.0 123
124 CD1 94 CD1 4.0 5.0 123
147 CG1 141 OG1 4.0 5.0 123
216 CE 196 CA 4.0 5.0 123
241 NH1 141 OG1 4.0 5.0 123
162 CG 149 CB 4.0 5.0 123
172 CA 151 OG 4.0 5.0 123
172 CA 152 CA 4.0 5.0 123
80 CD1 73 CD1 4.0 5.0 123
53 OE1 47 CB 4.0 5.0 123
79 CG1 73 CD1 4.0 5.0 123
147 CG1 137 CG1 4.0 5.0 123
212 OD1 183 CZ 4.0 5.0 123
168 CB 147 CG1 4.0 5.0 123
265 OE1 12 OE1 4.0 5.0 123
84 CG 22 OG1 4.0 5.0 123
117 CE 27 NZ 4.0 5.0 123
90 CB 46 CA 4.0 5.0 123
145 CG1 117 CE 4.0 5.0 123
17 CE1 11 CG1 4.0 5.0 123
64 OG1 41 CD1 4.0 5.0 123
133 CD1 106 CB 4.0 5.0 123
237 OD1 229 NZ 4.0 5.0 123
61 CA 34 CA 4.0 5.0 123
100 CA 93 CG1 4.0 5.0 123
262 CG1 256 CD1 4.0 5.0 123
163 CB 149 CB 4.0 5.0 123
231 NZ 21 CD1 4.0 5.0 123
61 CA 33 OG1 4.0 5.0 123
227 CD1 21 CD1 4.0 5.0 123
226 CB 86 CB 4.0 5.0 123
