filename	#constraints	variant	#alpha_residues	#alpha_dihedrals	#good_alpha_dihedrals	good_alpha_dihedral_fraction	#beta_residues	#beta_dihedrals	good_beta_proportion	total_weighted_score
F0NBH8_SULIR_60_3_hMIN	60	3	43	43	 21.4000	  0.4977	41	12	  6.2000	  0.4452	
F0NBH8_SULIR_50_3_hMIN	50	3	43	43	 22.6000	  0.5256	41	10	  4.6000	  0.4387	
F0NBH8_SULIR_60_2_hMIN	60	2	43	43	 18.6000	  0.4326	41	10	  7.4000	  0.4194	
F0NBH8_SULIR_100_5_hMIN	100	5	43	43	 21.6000	  0.5023	41	9	  4.4000	  0.4194	
F0NBH8_SULIR_160_2_hMIN	160	2	43	43	 19.4000	  0.4512	41	18	  6.2000	  0.4129	
F0NBH8_SULIR_30_2_hMIN	30	2	43	43	 20.4000	  0.4744	41	11	  4.2000	  0.3968	
F0NBH8_SULIR_20_4_hMIN	20	4	43	43	 23.6000	  0.5488	41	4	  1.0000	  0.3968	
F0NBH8_SULIR_50_4_hMIN	50	4	43	43	 18.0000	  0.4186	41	9	  6.2000	  0.3903	
F0NBH8_SULIR_110_4_hMIN	110	4	43	43	 18.4000	  0.4279	41	15	  5.4000	  0.3839	
F0NBH8_SULIR_20_2_hMIN	20	2	43	43	 18.4000	  0.4279	41	13	  5.2000	  0.3806	
F0NBH8_SULIR_50_1_hMIN	50	1	43	43	 19.0000	  0.4419	41	11	  4.4000	  0.3774	
F0NBH8_SULIR_100_2_hMIN	100	2	43	43	 15.8000	  0.3674	41	15	  6.4000	  0.3581	
F0NBH8_SULIR_80_3_hMIN	80	3	43	43	 14.2000	  0.3302	41	13	  7.4000	  0.3484	
F0NBH8_SULIR_160_1_hMIN	160	1	43	43	 18.0000	  0.4186	41	17	  3.4000	  0.3452	
F0NBH8_SULIR_160_3_hMIN	160	3	43	43	 18.2000	  0.4233	41	10	  3.0000	  0.3419	
F0NBH8_SULIR_30_1_hMIN	30	1	43	43	 16.2000	  0.3767	41	11	  4.8000	  0.3387	
F0NBH8_SULIR_130_4_hMIN	130	4	43	43	 12.4000	  0.2884	41	15	  8.0000	  0.3290	
F0NBH8_SULIR_30_4_hMIN	30	4	43	43	 16.8000	  0.3907	41	14	  3.4000	  0.3258	
F0NBH8_SULIR_80_2_hMIN	80	2	43	43	 18.0000	  0.4186	41	13	  1.8000	  0.3194	
F0NBH8_SULIR_140_3_hMIN	140	3	43	43	 10.8000	  0.2512	41	19	  9.0000	  0.3194	
F0NBH8_SULIR_80_4_hMIN	80	4	43	43	 14.4000	  0.3349	41	12	  4.0000	  0.2968	
F0NBH8_SULIR_130_3_hMIN	130	3	43	43	 13.6000	  0.3163	41	16	  4.6000	  0.2935	
F0NBH8_SULIR_140_2_hMIN	140	2	43	43	  9.6000	  0.2233	41	17	  8.2000	  0.2871	
F0NBH8_SULIR_60_4_hMIN	60	4	43	43	 17.8000	  0.4140	41	14	 -0.4000	  0.2806	
F0NBH8_SULIR_100_4_hMIN	100	4	43	43	 11.4000	  0.2651	41	18	  6.0000	  0.2806	
F0NBH8_SULIR_100_3_hMIN	100	3	43	43	 13.0000	  0.3023	41	13	  4.4000	  0.2806	
F0NBH8_SULIR_30_5_hMIN	30	5	43	43	 15.4000	  0.3581	41	8	  1.8000	  0.2774	
F0NBH8_SULIR_30_3_hMIN	30	3	43	43	 15.2000	  0.3535	41	13	  2.0000	  0.2774	
F0NBH8_SULIR_140_1_hMIN	140	1	43	43	  7.2000	  0.1674	41	16	  9.8000	  0.2742	
F0NBH8_SULIR_20_1_hMIN	20	1	43	43	 16.6000	  0.3860	41	6	  0.2000	  0.2710	
F0NBH8_SULIR_100_1_hMIN	100	1	43	43	 15.8000	  0.3674	41	10	  0.6000	  0.2645	
F0NBH8_SULIR_20_5_hMIN	20	5	43	43	 11.2000	  0.2605	41	8	  4.8000	  0.2581	
F0NBH8_SULIR_130_5_hMIN	130	5	43	43	 11.6000	  0.2698	41	14	  3.8000	  0.2484	
F0NBH8_SULIR_130_2_hMIN	130	2	43	43	 14.2000	  0.3302	41	19	  0.8000	  0.2419	
F0NBH8_SULIR_110_5_hMIN	110	5	43	43	 14.8000	  0.3442	41	17	  0.2000	  0.2419	
F0NBH8_SULIR_140_5_hMIN	140	5	43	43	 10.0000	  0.2326	41	14	  4.8000	  0.2387	
F0NBH8_SULIR_110_2_hMIN	110	2	43	43	  9.2000	  0.2140	41	13	  5.6000	  0.2387	
F0NBH8_SULIR_60_5_hMIN	60	5	43	43	 14.8000	  0.3442	41	10	 -0.4000	  0.2323	
F0NBH8_SULIR_110_3_hMIN	110	3	43	43	 13.2000	  0.3070	41	16	  0.4000	  0.2194	
F0NBH8_SULIR_60_1_hMIN	60	1	43	43	 13.6000	  0.3163	41	13	 -0.4000	  0.2129	
F0NBH8_SULIR_160_5_hMIN	160	5	43	43	  9.8000	  0.2279	41	9	  3.2000	  0.2097	
F0NBH8_SULIR_140_4_hMIN	140	4	43	43	 12.4000	  0.2884	41	11	  0.6000	  0.2097	
F0NBH8_SULIR_20_3_hMIN	20	3	43	43	 12.2000	  0.2837	41	6	 -0.4000	  0.1903	
F0NBH8_SULIR_80_1_hMIN	80	1	43	43	  5.6000	  0.1302	41	11	  5.4000	  0.1774	
F0NBH8_SULIR_110_1_hMIN	110	1	43	43	 11.0000	  0.2558	41	13	 -0.4000	  0.1710	
F0NBH8_SULIR_160_4_hMIN	160	4	43	43	 10.2000	  0.2372	41	14	 -0.4000	  0.1581	
F0NBH8_SULIR_130_1_hMIN	130	1	43	43	 10.2000	  0.2372	41	16	 -0.4000	  0.1581	
F0NBH8_SULIR_50_2_hMIN	50	2	43	43	  7.2000	  0.1674	41	14	  1.4000	  0.1387	
F0NBH8_SULIR_50_5_hMIN	50	5	43	43	  6.0000	  0.1395	41	14	  0.4000	  0.1032	
F0NBH8_SULIR_80_5_hMIN	80	5	43	43	  2.2000	  0.0512	41	10	  0.2000	  0.0387	
